1,1,1059293
1,2,1041434
1,3,1022926
1,4,1004906
1,5,989265
1,6,973843
1,7,957013
1,8,939399
1,9,923672
1,10,909717
1,11,894729
1,12,878737
1,13,861910
1,14,846044
1,15,829294
1,16,811575
1,17,794199
1,18,774848
1,19,1135821
2,19,748486
1,20,751340
1,21,743343
1,22,734847
3,19,1110849
1,23,727860
2,23,718711
3,23,710590
4,23,703863
5,23,694795
6,23,1027828
7,23,666406
6,22,693953
6,21,701852
5,21,708854
4,21,716967
3,21,724194
3,20,731731
4,19,740415
5,19,740661
6,19,742353
7,19,741532
8,19,739623
9,19,739684
10,19,740632
11,19,740588
11,20,738643
11,21,735320
10,21,731750
9,21,729279
8,21,364252
8,23,648418
9,23,630406
10,23,612945
11,23,596334
12,23,578319
13,23,560940
13,22,544831
13,21,528134
13,20,510824
13,19,494204
13,18,476884
13,17,459058
12,17,442959
11,17,426768
10,17,408519
9,17,390473
8,17,373949
7,17,357908
6,17,342043
5,17,326382
4,17,310947
3,17,294946
3,16,279162
3,15,395625
4,15,246587
5,15,344933
6,15,207939
7,15,185588
8,15,162237
9,15,138275
10,15,115129
3,14,264619
3,13,264316
5,14,234810
5,13,240325
5,12,246479
5,11,253529
5,10,260529
5,9,266985
5,8,273100
5,7,279051
5,6,284787
5,5,289606
6,5,294406
7,5,299989
3,12,265156
3,11,265886
3,10,265099
3,9,265108
3,8,265638
2,1,1028042
3,1,995329
4,1,961573
5,1,928221
6,1,895666
11,15,92137
8,5,306447
9,5,313553
10,5,319472
11,5,325444
11,6,332087
11,7,505669
11,8,355399
10,7,324782
9,7,313107
8,7,301496
7,7,289111
11,9,374980
12,9,393199
13,9,618672
13,10,399316
13,11,385250
12,11,370554
11,11,356114
13,8,446064
13,7,479644
13,6,512803
13,5,545465
13,4,578892
13,3,611960
13,2,643773
13,1,675518
7,8,276500
7,9,397233
7,10,238767
7,11,212679
7,12,186576
7,13,159538
8,13,132429
9,13,105526
10,13,79024
11,13,52738
12,13,26289
7,1,865173
8,1,834043
9,1,802852
10,1,772054
11,1,739816
12,1,707257
10,11,342035
9,11,326436
9,10,310099
9,9,294274
8,9,279335
3,7,266246
3,6,267251
3,5,267955
3,4,268220
3,3,268084
4,3,268114
5,3,268372
6,3,268424
7,3,267457
8,3,265229
9,3,264198
10,3,264089
11,3,131846
12,15,68985
13,15,45917
13,14,22917
