-1000
-2990
-4980
-5980
-6980
-12970
-16960
-18950
-20940
-21940
-26930
-27925
-29925
-32925
-33915
-34915
-38905
-39905
-40895
-41895
-42895
-44895
-46895
-47885
-48875
-49865
-51855
-53855
-56845
-58840
-59840
-60840
-62840
-66830
-67830
-70820
-71820
-79810
-80800
-82800
-83800
-84790
-85790
-88790
-89790
-90790
-94780
-101770
-102770
-103770
-104770
-105770
-107770
-111710
-113710
-116650
-119650
-124590
-125590
-127530
-129530
-137420
-140420
-141410
-142410
-144350
-146340
-152330
-154320
-156320
-157320
-162320
-163310
-164310
-165300
-168290
-170280
-173270
-174270
-181260
-183250
-185250
-186250
-188240
-189230
-190220
-193210
-194210
-197210
-199200
-202190
-203185
-204185
-205185
-206175
-207170
-210165
-211165
-212160
-213160
-214155
-215155
-218155
-221100
-222095
-223090
-229085
-230085
-233080
-234080
-235075
-236070
-239065
-243060
-244060
-248055
-250055
-252050
-253050
-254045
-255045
-256040
-257040
-259035
-260030
-263025
-267020
-268020
-269020
-270020
-271020
-272020
-276020
-277015
-278010
-279010
-283005
-284005
-286005
-288000
-289000
-294000
-296000
-296995
-300995
-301995
-302995
-303995
-304995
-306990
-309985
-310980
-313980
-314975
-323975
-324975
-331975
-332970
-334965
-335965
-337965
-338960
-340955
-344955
-345955
-347950
-349950
-351945
-352945
-356940
-357935
-358930
-359930
-360925
-361920
-362920
-363915
-364910
-368905
-370905
-372905
-377900
-379900
-381900
-382895
-383895
-384890
-387890
-388890
-389890
-391890
-393890
-394890
-398885
-399885
-403780
-405775
-406775
-407770
-408765
-409765
-410760
-411760
-413755
-414755
-415755
-417755
-418755
-419745
-420745
-421735
-424735
-425725
-427720
-429720
-430720
-434710
-436710
-437710
-447700
-448700
-450690
-451680
-452680
-453670
-454665
-463665
-466665
-467655
-468655
-469655
-470655
-471645
-472635
-474625
-475620
-476620
-478620
-480620
-483610
-484610
-485610
-487610
-491600
-492600
-497590
-500590
-505580
-507570
-508570
-514560
-516550
-520550
-523550
-524550
-525550
-526550
-527540
-528540
-531530
-534520
-536510
-539500
-542490
-545480
-546475
-547475
-550470
-551470
-552465
-557465
-559465
-560455
-561455
-566445
-569440
-573440
-574435
-575435
-577435
-579425
-580425
-581415
-583415
-586415
-587405
-589395
-590395
-591395
-593385
-595375
-596375
-602375
-603365
-605355
-606350
-607350
-609350
-611350
-612350
-613340
-614330
-615330
-616330
-617320
-618310
-619310
-620310
-621310
-623300
-624290
-625290
-626290
-629290
-630290
-631280
-633280
-635270
-637260
-639250
-640250
-641250
-642250
-643250
-647250
-650240
-651230
-652230
-654220
-656210
-657200
-661190
-664180
-665180
-668170
-670160
-673150
-674150
-675150
-679140
-680140
-696130
-698130
-700120
-702120
-704110
-705100
-707095
-708095
-710090
-711090
-712085
-714085
-715085
-716085
-717085
-718075
-719075
-722075
-723075
-726075
-727065
-728055
-729045
-731045
-732035
-734025
-735015
-736015
-737015
-743015
-746005
-747005
-751995
-752985
-753975
-755965
-756965
-757955
-758955
-762945
-765945
-766945
-767945
-771945
-772935
-773935
-774935
-777935
-778925
-779925
-780915
-786915
-789905
-793895
-797895
-799885
-800875
-801875
-803865
-805855
-806855
-808845
-809845
-810835
-811835
-812825
-813825
-814815
-816805
-817805
-818805
-820795
-821785
-822775
-824770
-825765
-827760
-828760
-830760
-833760
-837755
-839755
-848700
-851700
-855695
-856695
-857690
-858690
-860685
-862685
-865630
-866625
-867620
-868615
-871615
-872610
-873610
-874605
-875600
-877595
-878590
-879590
-886590
-887585
-888585
-889585
-890585
-891580
-892580
-895580
-897575
-898570
-899565
-905565
-906560
-909555
-910555
-911550
-912545
-913545
-914545
-915540
-916535
-921535
-923530
-924530
-925530
-926525
-927525
-930520
-931520
-932515
-933515
-935515
-936515
-937510
-938510
-943510
-944505
-946505
-947505
-949505
-950500
-954500
-956500
-959500
-961490
-962480
-964475
-968475
-970470
-976465
-979465
-982460
-983460
-985460
-986455
-988450
-989445
-990440
-991440
-992440
-993440
-994435
-996435
-997435
-998430
-1002430
-1006375
-1008375
-1012320
-1015320
-1021165
-1022165
-1026060
-1029060
-1037955
-1038950
-1039945
-1040940
-1041940
-1043935
-1044930
-1046930
-1050930
-1053930
-1055930
-1058930
-1059930
-1062920
-1063920
-1064910
-1066905
-1068905
-1069900
-1071895
-1072890
-1073885
-1074885
-1075880
-1076875
-1077870
-1078865
-1079860
-1080855
-1084850
-1086850
-1090845
-1091845
-1092845
-1093845
-1094840
-1096835
-1103835
-1105830
-1106830
-1111830
-1112825
-1113825
-1114820
-1115815
-1118810
-1119810
-1120805
-1121805
-1123805
-1124805
-1125805
-1130805
-1131805
-1133805
-1135805
-1137805
-1139800
-1140800
-1142800
-1146795
-1147790
-1148790
-1149790
-1150785
-1151785
-1153780
-1154775
-1157775
-1159770
-1161770
-1164770
-1166770
-1168765
-1169765
-1170760
-1171760
-1173760
-1174760
-1175760
-1177760
-1178760
-1180760
-1185760
-1187760
-1188760
-1189760
-1191760
-1192760
-1193760
-1194760
-1198760
-1199760
-1200760
-1201710
-1202710
-1204710
-1206710
-1215710
-1217710
-1218710
-1219710
-1220710
-1221710
-1223710
-1224710
-1225660
-1238660
5
5
-195
-390
-690
-985
-985
-980
-980
-1275
-1370
-1365
-1565
-1965
-1960
-1955
-2050
-2045
-2140
-2135
-2135
-2135
-2135
-2135
-2135
-2135
-2135
-2135
-2135
-2130
-2130
-2130
-2130
-2230
-2225
-2225
-2220
-2315
-2315
-2315
-2315
-2315
-2315
-2315
-2315
-2315
-2315
-2315
-2315
-2315
-2315
-2315
-2315
-2315
-2315
-2315
-2315
-2315
-2315
-2315
-2215
-2215
0
0
5
5
-295
-290
-490
-485
-485
-485
-785
-885
-1080
-1075
-1075
-1175
-1270
-1270
-1365
-1360
-1360
-1360
-1455
-1455
-1550
-1545
-1645
-1645
-1640
-1935
-2235
-2235
-2230
-2330
-2325
-2525
-2525
-3620
-3615
-3810
-3810
-4110
-4105
-4200
-4200
-4200
-4395
-4595
-4595
-4990
-4990
-4985
-4985
-5980
-6080
-6075
-6275
-6270
-6270
-6265
-6360
-6460
-6460
-6855
-7055
-7350
-7345
-7445
-7445
-7540
-7535
-7535
-7530
-7625
-7625
-7920
-7920
-7920
-8120
-8215
-8515
-8710
-8710
-9405
-9405
-9600
-9595
-9690
-9690
-9685
-9685
-9980
-10075
-10175
-10175
-10270
-10365
-10360
-10560
-10560
-10655
-10650
-10745
-10745
-10745
-10745
-10745
-10945
-10940
-10940
-11040
-11235
-11235
-11230
-11430
-11425
-11425
-11720
-11715
-11710
-11805
-11805
-11805
-11900
-11895
-11995
-11995
-11990
-12290
-12285
-12280
-12275
-12270
-12270
-12270
-12270
-12270
-12270
-12365
-12365
-12460
-12460
-12460
-12460
-12460
-12460
-12460
-12460
-12460
-12460
-12460
-12460
-12460
-12460
-12460
-12455
-12455
-12450
-12445
-12445
-12445
-12445
-12445
-12445
-12445
-12445
-12445
-12445
-12445
-12445
-12445
-12445
-12445
-12445
-12445
-12445
-12445
-12445
-12445
-12445
-12445
-12445
-12445
-12395
-12395
-12395
-12395
-12395
-12395
-12395
-12395
-12345
-12345
-12295
-12295
10
-590
-590
-590
-580
-580
-570
-570
-560
-560
-750
-950
-950
-950
-1350
-1540
-2140
-2340
-2530
-3320
-3310
-3310
-4110
-4310
-4300
-4700
-4690
-4690
-5480
-5480
-5870
-6060
-6260
-6460
-7050
-7450
-8240
-8430
-8430
-8630
-8820
-9010
-9400
-9390
-9390
-10590
-11180
-11780
-11780
-12180
-12170
-12370
-12760
-12960
-13350
-13340
-13540
-13740
-13730
-14930
-14920
-15120
-15510
-15510
-15500
-15490
-15690
-15690
-17280
-18070
-18270
-18270
-18460
-18450
-18440
-18830
-19620
-20020
-20010
-20400
-20400
-20390
-20380
-20380
-20380
-20570
-20570
-20570
-20970
-20970
-21170
-21360
-21360
-21960
-21950
-22150
-22140
-22340
-22530
-22530
-24520
-24920
-26110
-26100
-26900
-26890
-27490
-27480
-29280
-29270
-29670
-29670
-29860
-29850
-30050
-30240
-30430
-30420
-30620
-30810
-31200
-31200
-31990
-31990
-32590
-32780
-33170
-33170
-33170
-33170
-33160
-33150
-33140
-33540
-33930
-34330
-34330
-34520
-34710
-34910
-35910
-36100
-36090
-36080
-36680
-37680
-38270
-38460
-38450
-38450
-39040
-39030
-39025
-39120
-39415
-39510
-39510
-39510
-39510
-39510
-39505
-39500
-39695
-39695
-39790
-39885
-39880
-39875
-39875
-39970
-40070
-40370
-40365
-40365
-40365
-40365
-40565
-40560
-40755
-40750
-40750
-40850
-41045
-41040
-41040
-41035
-41080
-41175
-41270
-41265
-41265
-41260
-41260
-41255
-41355
-41350
-41350
-41350
-41450
-41445
-41645
-41645
-41840
-41840
-42040
-42035
-42030
-42130
-42230
-42225
-42270
-42470
-42570
-42770
-42970
-42965
-42965
-42965
-42965
-42965
-43155
-43555
-43955
-43945
-43945
-43945
-44145
-44545
-45145
-45335
-45335
-45335
-45525
-46115
-46305
-46505
-46895
-47085
-47275
-47465
-47655
-47645
-47845
-48035
-48035
-48025
-48125
-48315
-48415
-48805
-48800
-48800
-48800
-49000
-49200
-49400
-49400
-49590
-49590
-49780
-49770
-49770
-49920
-50510
-50510
-50500
-50490
-50490
-50480
-50480
-50480
-50880
-51070
-51270
-51460
-51460
-52050
-52240
-52230
-52430
-52570
-52560
-52560
-52550
-52540
-52730
-52730
-52920
-52920
-53520
-53510
-53510
-53910
-54510
-55900
-56690
-56880
-56870
-56865
-56865
-56965
-57565
-57755
-58155
-58155
-58555
-59045
-59035
-59225
-59815
-59810
-59810
-59805
-59905
-60000
-60000
-60000
-60000
-60190
-60790
-60780
-60770
-60765
-60965
-60965
-60965
-61355
-61745
-61745
-61935
-61935
-61925
-61920
-61920
-62015
-62015
-62010
-62410
-62510
-63110
-63500
-63700
-64290
-65080
-65080
-65270
-65370
-66360
-66355
-66450
-66445
-66940
-67035
-67230
-67230
-67230
-67225
-67225
-67225
-67520
-67515
-67515
-67515
-67510
-67505
-67605
-67655
-67655
-67650
-67645
-67645
-67645
-67740
-67835
-68080
-68075
-68075
-68275
-68270
-68270
-68370
-68470
-68465
-68460
-68705
-68700
-69095
-69095
-69090
-69090
-69190
-69190
-69240
-69235
-69235
-69430
-69575
-69575
-69670
-69870
-69870
-69965
-69965
-70165
-70265
-70360
-70955
-70950
-70945
-71245
-71395
-71595
-71690
-71785
-71785
-72185
-72180
-72375
-72570
-72870
-72965
-72960
-73160
-73155
-73150
-73245
-73445
-73440
-73540
-73635
-73630
-73625
-73625
-73625
-73625
-73625
-73625
-73625
-73625
-73625
-73625
-73625
-73625
-73625
-73625
-73625
-73625
-73625
-73625
-73625
-73625
-73625
-73625
-73625
-73625
-73625
-73625
-73625
-73625
-73620
-73620
-74320
-74315
-74415
-74415
-74415
-74510
-74705
-74700
-74700
-74700
-74695
-74790
-74985
-74985
-75280
-75280
-75280
-75475
-75575
-75575
-75575
-75570
-75665
-75665
-75660
-75910
-76005
-76050
-76150
-76145
-76145
-76140
-76335
-76335
-76335
-76335
-76430
-76430
-76430
-76430
-76430
-76430
-76430
-76430
-76430
-76430
-76430
-76430
-76430
-76430
-76430
-76430
-76430
-76480
-76580
-76580
-76580
-76830
-77130
-77325
-77425
-77420
-77915
-77915
-78010
-78210
-78305
-78305
-78300
-78445
-79045
-79045
-79040
-79140
-79135
-79130
-79130
-79325
-79520
-79515
-79610
-79710
-80010
-80010
-80110
-80105
-80305
-80550
-80950
-80950
-80945
-80945
-80945
-80945
-81040
-81040
-81140
-81135
-81330
-81330
-81325
-81320
-81320
-81420
-81520
-81515
-81510
-81505
-81500
-81545
-81545
-81695
-81690
-82340
-82435
-82430
-82625
-82720
-82720
-82715
-82710
-82705
-82800
-82800
-82900
-82895
-82995
-83095
-83090
-83435
-83635
-83880
-83980
-83980
-83975
-84125
-84125
-84125
-84225
-84225
-84425
-84620
-84615
-84660
-84655
-84855
-84955
-84950
-84950
-84995
-84990
-84990
-84985
-85380
-85375
-85475
-85475
-85475
-85575
-85620
-85715
-85815
-85810
-86110
-86310
-86305
-86405
-86500
-86500
-86600
-86695
-86695
-86690
-86735
-86735
-87035
-87435
-87435
-87535
-87535
-87725
-87725
-87725
-87725
-88115
-88115
-88115
-88515
-88515
-88505
-88505
-88495
-88495
-89085
-89285
-89475
-89665
-89855
-89845
-89845
-90035
-90035
-90235
-90635
-90825
-90815
-91005
-91005
-91195
-91385
-91585
-91585
-91575
-92375
-92365
-92555
-92555
-92545
-92535
-92530
-92730
-92730
-92920
-93020
-93010
-93010
-93000
-93095
-93090
-93085
-93480
-93925
-94125
-94125
-94225
-94220
-94220
-94320
-94415
-94510
-94705
-94705
-94705
-95100
-95495
-95690
-95685
-95685
-95780
-95980
-95980
-95975
-96475
-96525
-96525
-96620
-96615
-96710
-96710
-96755
-96855
-96850
-96845
-96840
-97240
-97340
-97640
-97690
-97685
-97680
-97880
-97875
-97875
-98020
-98020
-98015
-98210
-98305
-98400
-98645
-98740
-98740
-98740
-98740
-98740
-98740
-98740
-98740
-98740
-98740
-98740
-98740
-98740
-98740
-98740
-98740
-98740
-98740
-98740
-98740
-98740
-98740
-98740
-98740
-98740
-98740
-98740
-98690
-98690
-295
-290
-290
-690
-985
-1380
-1380
-1380
-1380
-1380
-1380
-1380
-1375
-1575
-1570
-1870
-2165
-2165
-2360
-2555
-2555
-2755
-3250
-3450
-3445
-3445
-3640
-3735
-3735
-3730
-3730
-4025
-4025
-4120
-4120
-4120
-4120
-4120
-4120
-4320
-4315
-4315
-4410
-4405
-4405
-4400
-4400
-4495
-4495
-4495
-4495
-4495
-4495
-4495
-4495
-4495
-4495
-4495
-4445
-4445
0
0
-95
-95
-90
-90
-90
-90
-90
-90
-90
-90
-185
-485
-485
-480
-480
-480
-475
-670
-665
-660
-655
-650
-650
-745
-840
-835
-1135
-1130
-1130
-1125
-1320
-1320
-1815
-1815
-1815
-1815
-1810
-1810
-1810
-1810
-1810
-1810
-1805
-1805
-1805
-1805
-1805
-1805
-1805
-1805
-1805
-1805
-1805
-1805
-1805
-1805
-1805
-1755
-1755
-1755
-1755
-1755
-1755
-1755
-1755
-1705
-1705
0
0
0
0
0
0
0
0
0
0
0
0
0
0
0
0
0
0
0
0
0
0
0
0
0
0
0
0
0
0
0
0
0
0
0
0
0
0
0
0
0
0
0
0
0
0
-295
-1090
-1090
-1090
-1085
-1080
-1080
-1080
-1080
-1080
-1080
-1080
-1080
-1080
-1080
-1280
-1275
-1570
-1570
-1570
-1570
-1570
-1570
-1570
-1570
-1570
-1570
-1570
-1570
-1570
-1570
-1570
-1570
-1570
-1570
-1570
-1570
-1570
-1570
-1570
-1570
-1570
-1570
-1565
-1565
-1565
-1565
-1565
-1565
-1560
-1560
-1560
-1560
-1560
-1560
-1560
-1560
-1560
-1560
-1560
-1560
-1560
-1655
-1755
-1750
-2045
-2045
-2040
-2040
-2240
-2240
-2340
-2440
-2735
-2730
-2730
-2725
-2720
-2815
-2810
-2810
-2810
-2910
-2910
-2905
-2900
-3200
-3200
-3195
-3295
-3295
-3490
-3485
-3685
-3680
-3980
-4180
-4180
-4180
-4180
-4275
-4470
-4470
-4570
-4765
-4765
-4760
-4755
-4750
-4745
-4745
-4745
-4740
-4735
-4730
-4930
-4930
-4925
-4920
-4920
-5020
-5120
-5120
-5120
-5215
-5210
-5305
-5305
-5405
-5505
-5805
-5800
-5795
-5790
-5885
-5885
-6180
-6180
-6580
-7075
-7070
-7765
-7765
-7765
-7865
-7860
-8055
-8050
-8050
-8250
-8250
-8250
-8245
-8645
-9040
-9635
-9635
-9635
-9630
-9625
-9620
-9920
-9920
-10015
-10210
-10205
-10205
-10305
-10705
-10700
-10795
-10790
-10790
-10890
-11285
-11380
-11375
-11375
-11375
-12075
-12070
-12170
-12270
-12470
-13265
-13765
-14260
-14455
-14550
-14550
-14645
-14640
-14635
-14735
-14735
-15130
-15130
-15225
-15225
-15220
-15215
-15310
-15405
-15605
-15805
-15805
-15805
-16105
-16100
-16095
-16095
-16095
-16090
-16290
-16285
-16380
-16580
-16675
-16675
-16675
-16675
-16770
-16765
-17060
-17060
-17060
-17055
-17050
-17050
-17045
-17045
-17040
-17040
-17040
-17040
-17235
-17235
-17635
-17630
-17625
-17725
-17825
-17920
-17920
-18015
-18410
-18410
-18405
-18400
-18395
-18395
-18495
-18690
-19185
-19285
-19580
-19580
-19680
-19680
-19775
-19775
-19770
-19870
-19970
-19965
-20060
-20060
-20060
-20060
-20255
-20555
-20555
-20550
-20545
-20545
-20645
-20645
-20845
-21045
-21045
-21045
-21035
-21025
-21215
-21205
-21395
-21590
-21590
-21590
-21990
-22180
-22170
-22370
-23160
-23160
-23160
-23360
-23560
-23700
-24100
-24300
-24700
-24700
-24700
-25290
-25280
-25280
-25280
-25280
-25470
-25470
-25470
-25470
-25470
-26355
-26355
-27840
-27840
-27825
-28110
-28110
-28095
-28095
-28395
-28680
-28680
-29265
-29550
-29540
-29530
-29520
-29520
-29520
-29520
-29920
-29905
-29905
-29905
-31690
-31690
-31975
-32260
-32250
-32250
-32650
-32950
-33835
-34135
-34420
-34720
-34705
-34690
-34680
-34880
-35070
-35460
-35650
-35850
-35850
-36440
-36430
-36820
-36820
-37420
-37420
-37420
-37420
-37420
-38305
-39205
-39790
-40375
-40365
-40355
-40355
-40355
-40555
-41455
-43240
-43240
-45025
-45025
-47410
-47695
-47685
-47675
-47865
-47855
-47855
-48045
-48045
-48035
-48025
-48825
-48815
-48815
-49015
-49015
-49015
-49015
-49205
-49405
-50005
-49990
-50190
-50175
-50175
-50460
-50460
-51360
-51945
-52230
-52220
-52210
-54010
-54010
-54000
-54000
-54000
-53985
-54185
-54470
-54670
-54670
-55255
-55555
-55840
-55840
-57025
-57025
-59110
-60010
-60595
-61495
-61780
-62080
-62665
-62950
-62940
-63730
-64120
-64120
-64120
-64310
-64300
-64300
-64300
-64500
-64690
-64890
-65280
-65280
-65270
-65260
-65660
-65650
-65840
-65830
-65830
-65830
-66230
-66220
-66220
-66810
-66800
-67190
-67190
-67190
-67190
-67980
-67970
-67970
-67970
-68170
-68160
-68150
-68140
-68130
-68130
-69520
-69520
-69710
-70110
-70100
-70100
-70290
-70280
-70280
-70670
-70660
-70660
-71250
-71240
-71230
-71220
-71220
-71420
-71620
-71610
-71600
-71600
-71600
-71740
-71740
-72090
-72280
-72480
-72880
-72880
-72880
-73480
-73480
-73870
-73870
-73870
-74155
-74145
-74535
-74735
-75125
-75325
-75325
-75315
-76105
-76705
-77295
-77485
-77485
-77685
-77885
-77875
-77875
-77865
-78265
-78265
-78250
-78840
-78830
-78830
-78820
-79020
-79010
-79000
-78990
-78990
-78990
-78980
-79170
-79170
-79570
-79560
-79550
-79750
-79950
-79940
-79940
-79940
-79940
-79940
-80225
-80225
-80210
-80410
-80395
-80395
-80695
-80680
-80680
-81565
-82465
-83350
-83350
-83335
-83635
-83620
-83605
-83605
-83605
-83590
-83575
-83565
-83565
-83555
-83755
-83745
-83745
-83945
-84245
-89930
-89930
-90515
-90815
-91100
-91100
-91085
-91070
-91260
-91250
-91450
-91640
-91830
-92230
-92230
-92420
-92410
-92400
-92390
-92790
-92790
-93180
-93170
-93160
-93160
-93150
-93290
-93290
-93490
-93890
-93880
-94470
-95070
-95470
-95470
-95670
-95860
-95850
-95840
-96230
-96230
-96230
-96230
-96230
-96620
-97020
-97020
-97210
-97210
-97210
-98010
-98010
-98595
-98580
-98980
-99280
-100165
-100150
-100340
-101340
-101330
-101530
-101520
-101710
-101910
-102110
-102100
-102500
-102500
-103085
-103285
-103285
-103285
-103270
-103255
-103555
-103555
-104740
-105040
-106240
-106525
-107110
-107110
-107110
-107995
-107995
-107980
-107965
-107950
-107950
-107935
-107920
-108520
-109705
-109695
-109695
-109695
-109680
-109680
-109665
-110255
-110445
-111245
-111235
-111235
-111425
-111425
-111615
-111815
-111805
-112595
-112595
-112585
-112575
-112565
-113165
-113355
-113345
-113495
-114095
-114095
-115085
-115485
-115675
-115675
-115875
-116075
-116065
-116455
-116455
-116845
-117845
-118045
-118235
-118225
-118625
-119415
-119805
-120405
-120405
-120405
-120595
-120585
-120785
-120975
-120965
-120965
-121565
-121755
-121745
-121745
-121945
-122135
-122735
-122725
-122715
-122705
-122705
-122705
-123105
-123505
-123705
-124095
-124085
-124075
-124465
-124465
-124665
-124655
-124655
-124655
-124645
-124635
-124625
-124625
-124615
-124605
-124805
-125005
-124995
-124995
-124995
-125395
-125395
-125385
-125385
-125375
-125575
-125565
-125565
-126155
-126145
-126145
-126345
-126345
-126330
-126320
-126310
-126510
-127300
-127290
-127290
-127490
-127490
-127490
-127490
-128090
-128090
-128375
-128960
-129545
-129845
-130145
-130145
-131045
-131645
-131630
-131930
-131915
-131900
-131900
-132500
-132500
-133100
-133085
-133085
-133370
-133355
-133655
-134240
-134540
-134525
-134510
-134495
-134495
-135080
-135680
-135665
-136265
-136565
-136550
-136850
-137435
-137720
-138620
-139205
-140705
-141605
-141890
-142175
-142760
-142745
-142745
-143045
-143045
-143045
-143345
-143630
-144515
-144800
-145100
-145385
-145370
-145355
-145355
-145655
-145955
-145940
-145940
-145925
-145925
-145925
-145925
-146810
-148010
-148010
-148595
-148595
-148580
-148880
-148865
-148850
-148850
-148850
-149435
-149420
-149405
-149390
-149975
-150275
-151175
-153875
-153875
-154475
-154760
-155045
-155030
-155315
-155300
-155300
-155285
-155270
-155570
-155570
-155555
-155540
-155540
-156125
-156710
-156695
-156685
-156885
-156885
-156885
-158085
-158670
-159255
-159255
-159555
-159540
-159525
-159525
-159525
-159510
-159795
-160080
-160270
-160260
-160460
-160450
-161050
-161840
-161840
-162040
-162030
-162220
-162220
-162220
-163420
-164020
-164005
-163990
-163990
-164275
-164265
-164255
-164255
-164655
-164855
-164855
-164855
-164855
-165440
-166025
-166625
-167810
-168695
-168680
-169480
-169465
-169465
-169765
-169765
-169750
-172435
-172735
-172735
-172735
-176320
-177205
-177205
-177505
-177505
-178105
-178105
-178105
-179590
-179590
-180175
-180175
-180160
-180145
-180430
-180730
-181615
-181600
-181585
-181885
-182470
-182755
-183040
-183040
-183325
-183325
-183325
-183610
-183595
-184480
-184470
-184470
-184460
-184460
-184450
-184440
-184430
-184630
-184820
-184820
-185020
-185020
-185220
-185805
-185795
-185985
-185975
-185965
-185965
-186165
-186165
-186165
-186565
-186550
-186540
-186930
-187730
-188320
-188320
-188320
-188510
-189300
-189500
-189490
-189690
-189890
-190080
-190080
-190270
-190270
-190270
-190255
-191055
-191055
-192240
-192225
-192825
-193125
-196110
-196110
-197895
-197895
-198180
-198780
-199065
-199050
-199040
-199230
-199230
-199230
-199230
-199230
-201015
-201000
-201190
-201580
-202570
-203570
-203570
-203760
-204550
-204550
-204950
-204940
-205740
-205740
-206130
-207120
-207110
-207510
-208100
-208290
-208280
-208270
-208810
-208800
-208990
-209190
-209190
-209380
-209380
-209380
-209520
-209520
-209860
-209860
-210560
-210560
-210560
-211550
-211940
-211940
-211940
-211930
-211930
-211930
-212120
-212310
-212310
-212310
-212500
-212500
-212490
-212490
-212880
-212880
-213680
-213680
-213670
-213660
-213860
-213860
-213850
-213840
-214230
-214430
-214630
-214620
-215210
-215210
-215200
-215390
-215390
-215390
-215590
-215590
-215790
-215790
-215775
-215775
-216060
-216060
-216045
-216045
-216030
-216015
-216205
-216205
-216195
-216195
-216385
-217185
-218975
-218975
-218965
-218955
-219155
-219355
-219345
-219535
-219935
-220535
-220525
-220515
-220505
-220705
-220695
-220685
-220675
-220875
-220875
-221065
-221065
-221265
-221465
-221465
-221665
-221665
-222550
-222550
-222835
-223420
-223810
-223800
-223800
-223800
-224190
-224390
-224580
-224770
-224760
-224750
-224750
-224740
-225340
-225740
-225740
-225730
-226520
-226720
-226720
-226920
-226920
-226905
-226895
-227295
-227295
-227595
-228195
-228195
-228195
-229095
-229080
-229965
-229950
-230250
-230235
-230520
-231105
-231690
-232080
-232070
-232270
-232870
-233060
-233450
-233850
-233850
-233840
-234230
-234220
-234210
-234210
-234600
-234600
-234590
-235190
-235190
-235190
-235190
-235380
-235780
-235980
-236265
-236865
-237150
-237150
-237150
-238335
-238335
-238335
-238320
-238605
-239190
-239190
-240390
-240390
-240375
-240675
-240675
-240660
-240660
-240645
-240645
-240945
-242445
-243330
-243330
-244830
-245130
-245715
-245715
-245700
-246000
-246885
-246885
-247470
-247455
-247755
-247740
-247740
-248025
-248910
-249210
-249195
-249480
-249465
-249465
-249450
-249435
-250020
-250320
-250320
-250320
-252420
-252420
-252705
-252690
-252675
-252675
-254175
-254175
-254160
-254145
-255045
-255645
-255630
-257415
-257715
-258315
-258615
-258600
-258600
-260385
-260370
-260355
-260640
-260625
-260910
-260895
-260895
-261180
-261180
-261180
-262065
-262065
-262350
-262635
-262635
-262620
-262620
-262620
-262605
-263205
-263505
-263505
-263790
-264075
-264360
-265545
-265735
-265725
-265715
-266315
-266515
-266515
-266505
-266505
-266505
-266490
-266490
-266475
-266475
-266475
-266460
-266445
-266435
-266435
-266425
-266625
-266815
-266805
-266995
-267385
-267375
-267365
-267555
-267555
-267845
-267845
-268195
-268395
-268395
-268595
-268585
-268585
-268575
-268975
-268975
-268975
-268965
-269565
-269755
-270155
-270145
-270335
-270335
-270535
-270725
-270715
-271515
-271715
-271705
-271695
-271695
-271695
-272085
-272485
-272675
-272675
-272665
-272865
-272865
-272865
-272850
-272850
-273135
-273120
-273120
-274005
-274205
-274205
-275390
-275690
-275690
-275675
-275975
-275975
-275960
-275960
-275960
-275945
-276245
-276230
-276215
-276500
-276800
-277685
-277970
-278255
-278455
-278755
-278755
-279040
-280540
-280540
-280540
-281125
-281410
-281410
-281395
-281380
-281965
-282265
-282250
-282250
-283150
-283750
-285235
-286135
-286420
-287020
-287305
-287290
-287290
-289390
-289375
-291160
-291160
-291145
-291430
-291415
-291405
-291395
-291385
-291375
-291365
-291755
-292155
-292155
-292145
-292145
-292145
-292135
-292135
-292135
-292325
-292925
-293115
-293315
-293305
-293505
-293905
-294305
-294895
-294895
-295085
-295075
-295265
-295455
-295455
-295655
-295855
-296245
-296235
-296225
-296215
-296215
-296215
-296405
-296405
-296605
-297005
-297395
-297595
-297585
-297575
-297965
-297965
-298165
-298565
-298565
-298955
-299145
-299345
-300145
-300145
-300445
-300445
-300445
-300730
-300730
-300730
-300715
-301000
-301585
-303370
-303955
-304155
-304755
-305040
-305025
-305225
-306110
-306300
-306300
-306890
-306890
-308080
-308080
-308080
-308365
-308355
-308755
-308955
-309555
-309540
-310425
-310615
-310815
-311605
-311605
-311595
-311795
-312995
-313295
-314495
-314480
-314765
-314750
-314740
-314730
-314930
-314930
-314930
-315515
-316115
-316400
-316390
-316580
-316770
-317160
-317150
-317140
-317490
-317480
-317480
-318080
-318080
-318080
-318280
-318270
-318260
-319260
-319260
-319250
-319240
-320030
-320220
-320220
-320220
-320210
-320210
-320200
-320200
-320190
-320190
-320180
-320180
-320580
-320580
-320580
-320570
-320570
-320760
-320760
-320950
-320950
-321140
-321340
-321330
-321520
-321510
-321710
-321910
-322110
-322700
-323100
-323700
-323700
-324585
-324585
-325170
-325470
-325470
-325455
-325740
-326025
-326615
-326615
-326805
-326995
-327185
-327185
-327175
-327375
-327375
-327365
-327765
-327765
-327965
-328865
-329165
-329465
-329765
-330065
-330065
-330965
-332150
-332135
-332735
-332720
-332720
-332705
-332690
-332690
-335390
-335390
-335675
-335960
-335960
-335945
-335930
-335915
-336200
-336200
-336485
-336485
-338870
-339470
-339755
-341555
-341555
-342155
-342140
-342740
-342740
-342740
-347525
-348725
-351110
-351410
-352595
-353180
-353180
-353480
-354665
-354965
-356450
-356450
-358235
-359435
-360020
-360620
-362405
-362405
-362390
-362375
-362360
-362345
-362330
-363515
-363515
-364400
-365285
-365570
-365560
-365550
-365940
-366130
-366120
-366110
-366300
-367100
-367290
-367680
-368280
-368670
-368870
-368860
-368860
-369450
-369440
-369440
-370040
-370240
-370230
-370420
-370620
-371610
-371610
-371610
-371960
-372150
-372150
-372350
-372350
-372350
-372340
-372330
-372320
-372320
-372320
-372320
-372710
-372910
-372910
-373110
-373700
-373890
-374290
-374490
-374690
-374675
-374865
-375065
-375265
-375250
-375450
-375435
-375425
-375615
-376005
-376205
-376205
-376595
-376585
-376585
-376775
-377965
-378155
-378155
-378345
-378535
-378525
-378515
-378515
-378705
-379295
-379295
-379295
-379295
-379285
-379475
-379475
-380065
-380065
-380265
-380555
-381145
-381135
-381135
-381525
-381525
-381515
-381505
-382200
-382395
-382490
-382490
-382885
-382985
-383180
-383180
-383475
-383475
-383475
-383770
-383865
-383865
-383865
-384065
-384160
-384455
-384750
-384745
-384745
-384740
-384735
-384730
-384730
-384730
-384825
-384825
-385020
-385120
-385120
-385115
-385315
-385315
-385610
-385605
-385605
-385705
-386100
-386195
-386495
-386490
-386490
-386590
-386585
-386685
-386980
-386975
-386975
-386970
-387165
-387565
-387565
-387760
-387960
-388060
-388155
-388250
-388250
-388350
-388945
-389140
-389135
-389135
-389135
-389330
-389425
-389425
-389720
-389920
-389920
-390120
-390615
-390710
-390805
-391200
-391200
-391400
-391500
-391495
-391490
-391690
-392590
-392690
-392685
-392680
-392680
-392780
-392775
-393375
-393375
-393475
-393575
-393575
-393565
-393555
-393550
-393550
-393645
-393740
-393935
-393930
-394025
-394225
-394325
-394320
-394415
-394615
-394715
-394910
-395110
-395105
-395105
-395105
-395400
-395495
-395495
-395490
-395790
-395985
-395980
-396680
-396880
-396875
-397270
-397370
-397565
-397560
-397560
-397755
-397750
-397950
-397945
-398445
-398645
-398940
-398940
-399040
-399135
-399735
-399735
-399835
-399935
-399935
-399930
-399925
-400220
-400515
-400715
-400815
-401010
-401005
-401000
-400995
-400995
-401090
-401090
-401285
-401280
-401275
-401375
-401375
-401375
-401470
-401470
-401665
-401660
-401960
-401955
-402150
-402250
-402350
-402350
-402350
-402350
-402345
-402345
-402545
-402740
-403035
-403435
-403535
-404430
-404425
-404425
-404420
-404515
-404510
-404510
-404610
-404910
-404910
-404905
-404905
-404900
-405200
-405195
-405195
-405290
-405290
-405585
-405580
-405880
-406080
-406075
-406870
-406870
-407365
-407965
-408065
-408060
-408060
-408255
-408455
-408450
-408445
-408440
-408740
-408740
-409040
-409435
-409430
-409430
-409425
-409525
-409520
-409515
-409515
-409615
-409715
-409910
-410205
-410205
-410300
-410295
-410595
-410695
-410895
-410890
-411090
-411485
-411580
-411975
-411970
-412065
-412265
-412265
-412565
-412565
-412565
-412760
-412960
-413055
-413450
-413450
-413445
-413440
-413440
-413435
-413435
-413430
-413425
-413420
-413420
-413420
-413420
-413415
-413410
-413405
-413405
-413600
-413600
-413700
-414000
-414000
-414000
-414195
-414190
-414290
-414485
-414480
-414575
-414575
-414575
-414675
-414675
-414670
-414770
-414770
-415165
-415260
-415255
-415250
-415350
-415350
-415450
-415645
-415640
-416035
-416430
-416425
-416425
-416825
-416825
-416825
-416825
-418320
-418520
-418915
-418910
-419010
-419110
-419205
-419305
-419800
-419795
-419895
-419890
-419985
-419980
-419980
-419975
-419970
-419965
-420060
-420055
-420055
-420055
-420055
-420055
-420055
-420055
-420055
-420055
-420055
-420055
-420055
-420055
-420055
-420055
-420055
-420055
-420055
-420055
-420055
-420055
-420055
-420055
-420005
-420005
5
-95
-290
-390
-390
-385
-385
-485
-480
-480
-480
-480
-980
-975
-1170
-1165
-1260
-1260
-1255
-1350
-1645
-1840
-1840
-1840
-2235
-2235
-2435
-2635
-2735
-2735
-2735
-2730
-3130
-3325
-3725
-3820
-3820
-4115
-4215
-4410
-4410
-5205
-5205
-5600
-5695
-5690
-5690
-5690
-5685
-5680
-5680
-5680
-5780
-5880
-5980
-5975
-5975
-6070
-6065
-6065
-6360
-6460
-6455
-6455
-6455
-7250
-7245
-7245
-7340
-7440
-7440
-7640
-7635
-7630
-8425
-8425
-8420
-8415
-8410
-8410
-8610
-8705
-8700
-8700
-8700
-8695
-8690
-8690
-8785
-8785
-8985
-8980
-8980
-9375
-9375
-9770
-9765
-9765
-9860
-9860
-9860
-9855
-10050
-10050
-10245
-10245
-10245
-11040
-11135
-11130
-11225
-11225
-11220
-11320
-11315
-11315
-11510
-11605
-11600
-11695
-11695
-11695
-11695
-11695
-11695
-11695
-11695
-11695
-11695
-11695
-11695
-11695
-11645
-11645
5
-290
-385
-980
-980
-975
-975
-975
-1270
-1465
-1465
-1465
-1760
-1760
-1855
-2150
-2150
-2145
-2145
-2245
-2240
-2240
-2435
-2535
-2635
-2630
-2725
-2725
-2820
-3220
-3220
-3420
-3515
-3815
-4010
-4205
-4405
-4405
-4700
-4795
-4795
-4790
-4885
-4880
-4880
-4880
-5075
-5070
-5070
-5570
-5570
-5765
-5765
-5765
-6160
-6255
-6355
-6450
-6450
-6545
-6545
-6545
-6545
-6540
-6540
-6635
-6635
-6635
-6635
-6730
-6730
-6825
-6825
-6925
-6925
-6920
-6915
-7010
-7010
-7005
-7005
-7100
-7100
-7095
-7095
-7095
-7190
-7390
-7390
-7490
-7480
-7475
-7570
-7570
-7570
-7670
-7660
-7755
-7750
-7850
-7850
-8145
-8145
-8445
-9035
-9135
-9725
-9720
-9720
-9720
-10110
-10210
-10600
-10600
-10590
-10685
-10680
-10880
-10875
-11170
-11170
-11265
-11265
-11560
-11560
-11860
-12655
-12755
-13750
-14150
-14345
-14545
-14640
-14935
-14935
-15035
-15030
-15230
-15225
-15220
-15220
-15220
-15215
-15415
-15410
-15410
-15410
-15510
-15500
-15800
-16590
-16590
-17580
-17580
-17570
-17565
-17560
-17555
-17555
-17650
-17645
-17940
-17940
-18335
-18335
-18335
-18335
-18330
-18330
-18325
-18420
-18420
-18920
-18920
-18915
-19015
-19210
-19405
-19400
-19600
-20000
-20000
-19995
-19990
-20790
-20890
-21085
-21085
-21180
-21175
-21370
-21465
-21565
-21760
-21760
-21860
-21860
-21960
-22255
-22255
-22350
-22350
-22345
-22445
-23340
-23340
-23435
-23430
-23430
-23525
-23525
-23525
-23920
-24115
-24210
-24510
-24910
-24910
-24905
-25000
-25100
-25295
-25595
-25595
-25690
-25985
-26080
-26080
-26080
-26080
-26775
-26875
-27170
-27170
-27365
-27360
-27360
-27455
-27555
-27650
-27945
-28240
-28240
-28640
-28740
-28840
-28935
-29035
-29030
-29330
-30025
-30120
-30520
-30520
-30915
-30915
-31310
-31405
-31400
-31500
-31900
-31995
-31990
-32090
-32185
-32180
-32175
-32270
-32270
-32265
-32365
-32360
-32360
-32460
-33755
-33755
-33850
-33850
-33845
-34245
-34240
-34335
-34430
-34430
-34425
-34625
-34625
-34625
-34620
-34715
-34910
-35110
-35110
-35205
-35300
-35300
-35300
-35300
-35300
-35400
-35400
-35500
-35695
-35790
-35890
-36285
-36280
-36375
-36375
-36375
-36470
-36665
-36660
-36760
-36860
-36960
-37060
-37055
-37155
-37250
-37450
-38250
-38245
-38540
-38735
-38730
-38730
-39025
-39020
-39120
-39215
-39315
-39415
-39610
-39605
-39805
-39800
-39795
-39790
-39885
-39885
-39985
-40280
-40280
-40275
-40270
-40270
-40265
-40265
-40260
-40260
-40355
-40355
-40455
-40455
-40455
-40455
-40450
-40550
-40545
-40545
-40545
-41145
-41245
-41240
-41435
-41535
-41730
-41730
-42030
-42025
-42020
-42115
-42115
-42415
-42410
-42410
-42405
-42405
-42405
-42700
-42900
-43195
-43195
-43990
-44085
-44080
-44075
-44075
-44070
-44070
-44265
-44265
-44360
-44460
-44460
-44455
-44655
-44655
-44750
-44745
-44840
-44940
-45035
-45035
-45030
-45230
-45225
-45225
-45220
-45315
-45415
-45415
-45615
-45615
-45615
-45710
-45705
-45705
-45700
-45700
-45700
-46295
-46490
-46490
-46585
-46585
-46680
-46680
-46675
-46675
-46670
-46665
-47265
-47260
-47260
-47260
-47260
-47655
-48055
-48050
-48050
-48245
-48340
-48340
-48335
-48330
-48325
-48525
-48825
-48820
-48815
-48810
-48910
-49010
-49010
-49105
-49100
-49100
-49300
-49300
-49295
-49390
-49390
-49490
-49490
-49685
-49680
-49675
-49670
-49665
-49965
-50165
-50565
-50560
-50655
-50755
-50855
-50855
-50850
-50845
-50945
-50945
-51240
-51235
-51235
-51235
-51230
-51230
-51525
-51525
-51520
-51515
-51615
-51610
-51805
-51905
-51905
-51905
-52000
-51995
-52295
-52495
-52490
-52690
-52690
-52685
-52680
-52875
-52875
-52975
-53275
-53470
-53670
-53865
-54065
-54160
-54260
-54355
-54355
-54550
-54650
-54645
-54640
-54640
-54635
-55230
-55230
-55330
-55925
-56225
-56220
-56420
-56815
-57510
-57805
-57900
-57900
-57900
-57895
-57890
-57990
-57985
-57985
-57980
-58275
-58275
-58270
-58365
-58665
-58660
-58655
-58655
-58755
-58755
-58750
-58750
-58845
-58845
-58845
-59140
-59135
-59230
-59325
-59320
-59320
-59320
-59415
-59410
-59410
-59410
-59410
-59505
-59705
-60000
-59995
-59995
-59990
-59990
-60085
-60085
-60080
-60080
-60380
-61275
-61275
-61870
-62065
-62065
-62060
-62060
-62460
-62555
-62550
-62550
-62850
-63350
-64045
-64245
-64240
-64235
-64230
-64225
-64225
-64225
-64225
-64225
-64225
-64225
-64225
-64225
-64225
-64225
-64225
-64225
-64225
-64225
-64225
-64225
-64225
-64225
-64225
-64225
-64225
-64225
-64225
-64225
-64225
-64225
-64175
-64175
10
10
-180
-180
-370
-760
-760
-760
-750
-940
-1340
-1340
-1540
-1540
-1540
-1540
-1930
-1930
-2120
-2120
-3710
-4500
-4690
-5490
-5690
-5880
-5870
-7070
-7270
-7270
-7660
-8450
-8450
-9050
-12640
-12840
-15030
-15020
-15020
-15020
-15610
-15600
-15600
-15590
-15590
-15790
-16380
-16380
-16970
-16960
-16960
-16950
-17140
-17340
-17340
-17340
-17330
-17930
-18320
-18310
-19710
-20900
-20900
-20900
-22890
-23080
-23470
-23460
-23460
-24050
-24050
-24040
-24240
-24240
-24230
-24430
-24630
-24630
-24820
-25220
-25610
-25600
-25590
-26190
-26190
-26790
-28980
-29370
-30170
-30570
-30960
-30950
-30940
-30940
-31340
-31740
-31930
-32520
-32710
-32900
-32890
-33080
-33070
-33070
-33270
-33870
-34070
-34060
-34660
-35060
-35060
-35050
-35240
-36040
-36840
-36830
-36830
-37020
-37020
-38010
-38200
-38390
-38380
-38370
-38960
-39060
-39050
-39445
-39440
-39540
-39540
-39540
-40330
-40425
-40420
-40420
-40420
-40420
-40410
-40405
-40400
-40900
-40895
-40895
-40895
-40895
-41485
-41580
-41580
-41975
-41975
-41975
-41965
-42365
-43365
-43355
-43355
-43755
-43955
-43955
-45145
-45535
-45725
-45715
-45715
-45915
-46105
-46105
-46495
-46895
-46885
-47485
-47675
-47865
-47855
-47955
-48555
-49155
-49555
-49545
-49545
-49735
-49725
-49715
-49705
-49705
-49895
-49895
-50285
-50285
-50475
-50470
-50465
-50465
-50465
-50465
-50855
-51150
-51150
-51145
-51240
-51335
-51330
-51325
-51325
-51325
-51325
-51625
-51625
-51620
-51720
-51820
-51810
-51905
-51905
-51900
-51900
-52000
-52200
-52390
-52780
-52780
-52770
-52870
-53060
-53255
-53455
-53455
-53655
-53655
-53655
-53645
-53635
-53635
-53825
-53815
-54015
-55215
-55415
-55405
-55405
-55405
-55595
-55785
-55775
-56575
-56775
-56775
-56765
-57955
-57945
-58135
-58535
-58535
-58725
-58725
-58915
-58905
-59095
-59195
-59195
-59195
-59185
-59575
-59575
-59575
-59765
-59755
-59955
-59945
-59945
-60145
-60545
-60745
-60935
-60935
-61135
-61725
-61725
-61715
-61715
-61905
-62095
-62085
-62085
-62485
-62475
-62675
-63265
-63255
-63645
-63635
-64625
-64725
-65315
-65315
-65305
-65300
-65300
-65300
-65290
-65290
-65280
-65375
-65470
-65470
-65470
-65670
-65660
-65660
-65660
-65660
-65660
-65660
-65660
-65650
-65650
-65650
-65840
-65840
-65830
-65820
-65820
-66210
-66600
-66990
-67380
-67380
-67370
-67560
-68360
-68350
-68340
-68335
-68435
-68535
-68535
-69925
-69915
-69915
-69915
-70915
-70915
-70915
-70905
-70895
-71285
-71675
-72475
-72475
-73065
-73055
-74455
-74855
-75855
-76655
-76645
-77645
-78035
-78025
-78415
-78805
-79205
-79795
-80195
-80195
-80395
-80395
-80585
-80985
-80975
-81365
-81765
-81765
-81755
-82155
-82145
-82135
-82725
-82915
-83505
-83705
-83895
-83895
-83895
-83895
-84095
-84895
-85095
-85085
-85685
-85675
-85665
-85665
-85865
-85865
-86055
-86045
-86835
-86835
-87225
-87225
-87215
-87215
-87405
-87995
-88785
-89185
-89775
-89965
-90555
-90555
-91345
-91340
-91340
-91335
-91330
-91325
-91325
-91420
-91720
-91815
-92210
-92305
-92405
-92400
-92600
-92995
-93190
-93185
-93280
-93780
-93780
-93775
-93770
-93770
-93770
-93770
-93870
-93870
-93870
-93965
-93965
-93960
-94055
-94550
-94545
-94745
-95040
-95140
-95340
-95340
-95335
-95435
-95430
-95425
-95820
-96315
-96315
-96410
-96410
-96610
-96605
-96700
-96695
-96695
-96695
-96690
-96785
-96780
-96980
-96980
-96980
-97080
-97075
-97070
-97165
-97465
-97465
-97565
-97760
-97760
-97860
-97860
-97955
-98150
-98645
-98745
-98745
-98740
-98735
-98930
-99030
-99325
-99420
-99620
-99615
-99610
-99605
-99605
-99605
-99605
-99800
-99800
-99800
-99800
-99795
-99795
-100195
-100195
-100195
-100290
-100290
-100285
-100380
-100480
-100480
-100575
-100570
-100765
-100760
-100760
-100855
-100950
-101050
-101050
-101450
-101450
-101445
-101640
-101635
-101830
-101925
-101925
-101925
-101925
-101925
-101925
-101925
-101925
-101925
-101925
-101925
-101925
-101925
-101925
-101925
-102020
-102020
-102015
-102615
-102815
-102915
-103010
-103010
-103010
-103205
-103405
-104000
-104000
-104295
-104395
-104790
-104985
-105080
-105280
-105280
-105280
-105275
-105370
-105470
-105470
-106065
-106060
-106160
-106155
-106155
-106555
-106550
-106550
-107545
-108240
-108240
-108235
-108230
-108225
-108425
-108525
-108525
-108620
-108615
-108810
-108810
-109010
-109010
-109010
-109005
-109100
-109295
-109290
-109585
-109585
-109585
-109585
-109585
-109585
-109585
-109585
-109585
-109585
-109580
-109580
-109580
-109580
-109680
-109875
-110070
-110070
-110165
-110165
-110160
-110160
-110160
-110160
-110160
-110160
-110160
-110160
-110160
-110160
-110160
-110160
-110160
-110160
-110160
-110160
-110160
-110160
-110160
-110110
-110110
0
0
0
0
0
0
0
50
50
100
100
0
10
-185
-280
-280
-275
-275
-375
-370
-365
-660
-755
-750
-745
-740
-740
-735
-730
-730
-1025
-1125
-1325
-1325
-1325
-1420
-1420
-1415
-1410
-1510
-1505
-1500
-1595
-1590
-1790
-1885
-1880
-1880
-1880
-1880
-2375
-2375
-2375
-2375
-2375
-2375
-2375
-2375
-2570
-2570
-2665
-2665
-2660
-2660
-3455
-3455
-3455
-3455
-3455
-3455
-3455
-3455
-3455
-3455
-3455
-3455
-3455
-3455
-3455
-3455
-3455
-3455
-3455
-3455
-3455
-3455
-3850
-3850
-3945
-3945
-4640
-4640
-4835
-4835
-4830
-4830
-4925
-4925
-5120
-5120
-5115
-5115
-5115
-5115
-5115
-5210
-5410
-5410
-5505
-5500
-5495
-5495
-5495
-5495
-5495
-5495
-5590
-5590
-5590
-5590
-5590
-5590
-5585
-5585
-5585
-5585
-5585
-5585
-5585
-5585
-6080
-6080
-6080
-6080
-6080
-6080
-6080
-6080
-6080
-6080
-6080
-6080
-6080
-6080
-6080
-6080
-6080
-6080
-6675
-6675
-7070
-7070
-7070
-7070
-7070
-7070
-7070
-7070
-7070
-7070
-7070
-7070
-7070
-7070
-7070
-7070
-7070
-7070
-7070
-7070
-7070
-7070
-7070
-7070
-7070
-7070
-7070
-7070
-7070
-7070
-7070
-7070
-7070
-7070
-7070
-7070
-7070
-7070
-7070
-7020
-7020
-6970
-6970
-6920
-6920
-6920
-6920
-6920
-6920
-6920
-6920
-6870
-6870
-6870
-6870
-6870
-6870
-6770
-6770
-6770
-6770
-6770
-6770
-6770
-6770
-6770
-6770
-6770
-6770
-6670
-6670
-6670
-6670
-6420
-6420
-6370
-6370
-6270
-6270
-6270
-6270
-6270
-6270
-6220
-6220
-95
-495
-595
-595
-1185
-1385
-2175
-2375
-2375
-2365
-2365
-2355
-2355
-2545
-2545
-2535
-2535
-2525
-2725
-2715
-2715
-2705
-2705
-3495
-3685
-3685
-3675
-3865
-3960
-3955
-3950
-3945
-3940
-3940
-4040
-4235
-4330
-4325
-4320
-4420
-4415
-4510
-4710
-4805
-5205
-5405
-5500
-5700
-5895
-6195
-6195
-6490
-6485
-6485
-6685
-6680
-7075
-7070
-7065
-7065
-7060
-7060
-7055
-7250
-7250
-7250
-7250
-7250
-7250
-7250
-7250
-7250
-7250
-7250
-7250
-7250
-7100
-7100
10
-180
-580
-580
-1170
-1360
-1350
-1740
-1940
-2530
-2530
-2520
-2520
-2510
-2510
-2500
-2900
-2890
-3080
-3270
-3270
-3270
-3470
-4260
-4260
-4460
-4850
-5050
-5240
-5640
-6230
-7020
-7020
-7020
-7410
-7410
-8600
-8800
-8790
-8790
-8780
-8780
-8970
-9160
-9150
-9150
-9140
-9130
-9130
-9330
-9520
-9710
-9805
-9805
-9800
-9795
-9890
-9985
-10085
-10080
-10375
-10370
-10365
-10365
-10460
-10460
-10960
-11155
-11350
-11450
-11945
-11945
-12345
-12340
-12635
-12635
-12835
-13035
-13035
-13030
-13025
-13125
-13320
-13315
-13310
-13305
-13405
-13400
-13400
-13500
-14095
-14090
-14090
-14290
-14485
-14485
-14485
-14480
-14875
-14875
-14975
-14975
-14970
-14965
-15060
-15055
-15050
-15045
-15045
-15045
-15045
-15045
-15045
-15045
-15040
-15335
-15335
-15835
-15835
-16030
-16125
-16220
-16220
-16220
-16220
-16215
-16210
-16305
-16305
-17000
-17000
-17000
-17000
-17000
-17000
-16995
-16995
-16990
-16990
-16990
-16990
-16990
-16990
-16990
-16990
-16990
-16990
-16990
-16990
-16990
-16990
-16990
-16990
-16990
-16990
-16990
-16990
-17690
-17685
-17780
-17780
-17975
-17975
-17975
-17975
-17975
-17975
-17975
-17975
-17975
-17975
-17975
-17975
-17975
-17975
-17975
-17975
-17975
-17975
-17975
-17925
-17925
-17925
-17925
-17925
-17925
-17925
-17925
-17925
-17925
-17925
-17925
-17925
-17925
-17925
-17925
-17925
-17925
-17925
-17925
-17925
-17925
-17925
-17925
-17925
-17925
-17925
-17925
-17925
-17925
-17925
-17925
-17925
-17925
-17925
-17925
-17925
-17920
-17920
-17920
-17920
-17920
-17920
-17915
-17915
-17915
-17910
-18410
-18460
-18560
-18960
-19155
-19255
-19750
-19750
-19750
-19750
-19745
-19740
-19735
-19735
-19735
-19730
-19825
-20020
-20120
-20120
-20720
-20815
-20815
-20815
-20810
-20810
-20805
-21005
-21300
-21400
-21600
-21595
-21595
-21795
-21790
-22585
-22680
-22675
-22975
-22970
-22965
-23060
-23055
-23355
-23350
-23350
-23445
-23495
-23495
-23495
-23495
-23595
-23690
-23885
-23880
-23880
-24080
-24080
-24175
-24175
-24170
-24270
-24265
-24565
-24560
-24555
-24650
-24845
-25045
-25340
-25840
-25835
-25830
-25825
-25925
-26170
-26470
-27020
-27020
-27020
-27020
-27015
-27015
-27110
-27310
-27405
-27405
-27705
-27705
-27700
-27795
-27795
-27795
-27995
-28290
-28490
-28790
-28785
-28885
-28980
-29080
-29175
-29275
-29370
-29370
-29370
-29360
-29355
-29355
-29355
-29355
-29355
-29555
-29545
-29745
-29935
-30125
-30515
-30515
-30715
-30915
-32705
-32905
-32895
-32885
-32875
-32865
-32965
-33155
-33155
-33755
-33755
-33945
-33935
-33925
-34020
-34415
-34510
-34705
-34800
-34795
-34895
-35290
-35890
-36185
-36185
-36180
-36275
-36575
-36675
-36670
-36765
-36760
-36755
-36850
-36850
-36850
-36850
-36850
-36850
-36850
-36850
-36850
-36800
-36800
0
5
10
-285
-485
-485
-580
-580
-875
-1375
-1370
-1370
-1465
-1560
-1660
-1655
-1655
-1755
-2250
-2545
-2545
-2640
-2640
-2835
-2935
-2935
-2935
-2935
-2930
-2925
-2925
-3025
-3420
-3415
-3515
-3510
-3610
-3805
-3805
-3805
-4600
-4600
-4695
-5190
-5185
-5385
-5480
-5680
-5680
-5875
-5875
-5870
-5870
-5865
-6065
-6165
-6560
-7060
-7855
-7850
-7850
-8045
-8040
-8140
-8240
-8440
-8535
-8635
-9430
-9530
-9725
-9825
-9820
-9920
-11115
-11215
-11710
-11710
-11905
-11905
-12200
-12300
-12495
-12495
-13190
-13185
-13180
-13180
-13280
-13280
-13275
-13275
-13570
-13565
-13565
-13765
-14360
-14355
-14355
-14650
-14650
-14945
-14940
-15135
-15135
-15235
-15230
-15225
-15225
-15220
-15220
-15315
-15310
-15705
-15805
-16005
-16200
-16200
-16200
-16400
-16400
-16395
-16495
-16595
-17290
-17285
-17285
-17280
-17275
-17375
-17375
-17570
-17565
-17565
-17565
-17660
-17760
-17755
-17750
-17750
-17745
-17745
-17745
-17740
-17940
-18035
-18035
-18135
-18530
-18525
-18525
-18620
-18620
-18815
-18815
-18915
-19110
-19205
-19205
-19400
-19400
-19400
-19395
-19490
-19490
-19690
-19885
-19885
-19980
-20080
-20475
-20470
-20465
-20560
-20555
-20555
-20555
-20555
-21050
-21150
-21645
-21640
-21640
-21640
-22335
-22530
-22530
-22730
-22730
-22730
-24125
-24320
-24315
-24315
-24315
-24310
-24310
-24405
-24500
-24800
-24800
-24795
-24895
-24890
-24885
-25085
-25085
-25085
-25080
-25180
-25175
-25275
-25770
-26365
-26360
-26460
-26455
-26450
-26450
-26450
-26445
-26640
-26735
-26930
-26930
-27230
-27230
-27430
-27425
-27725
-27725
-27820
-27820
-27815
-27815
-27810
-27805
-27805
-27805
-27900
-27895
-27990
-27990
-27990
-27990
-27990
-28285
-28780
-28780
-28875
-28875
-28870
-28870
-29265
-29260
-29260
-29260
-29560
-30455
-31055
-31150
-31150
-31945
-32040
-32040
-32140
-32235
-32530
-32525
-32820
-32820
-33220
-33315
-33315
-33410
-33410
-33405
-33405
-34000
-34095
-34090
-34190
-34185
-34380
-34375
-34375
-34375
-34375
-34375
-34375
-34375
-34375
-35270
-35270
-35270
-35270
-35270
-35270
-35270
-35270
-35270
-35270
-35270
-35270
-35270
-35220
-35220
-35220
-35220
-35170
-35170
-35170
-35170
-35120
-35120
10
20
20
-570
-570
-760
-1160
-1350
-1750
-1740
-1730
-1825
-1925
-1920
-1920
-2120
-2110
-2105
-2400
-2495
-2495
-2495
-3190
-3185
-3180
-3175
-3175
-3175
-3175
-3270
-3265
-3260
-3255
-3355
-3450
-3450
-3745
-3840
-3840
-3940
-4140
-4135
-4430
-4430
-4630
-4630
-4630
-4830
-4825
-4820
-4820
-5320
-5320
-5520
-5520
-5710
-5710
-5900
-5900
-6500
-6500
-6500
-6490
-6490
-6480
-6680
-6870
-6860
-7650
-7850
-8240
-8430
-8420
-8420
-8420
-9410
-9410
-9410
-9400
-9390
-9390
-9590
-9590
-9780
-9980
-10370
-10370
-10960
-12160
-12150
-12150
-12140
-12140
-12140
-12330
-12530
-13520
-13720
-14110
-14310
-14900
-14900
-15890
-16080
-16070
-16460
-16450
-16450
-16450
-16440
-16440
-16430
-16430
-16830
-17020
-17020
-17010
-17610
-17810
-17800
-17790
-17990
-18190
-18180
-18380
-18770
-18960
-18950
-18940
-19135
-19430
-19630
-19925
-20225
-20320
-20320
-20520
-20520
-20510
-20510
-20500
-20495
-20490
-20490
-20490
-20485
-20880
-20880
-20875
-20870
-20865
-20860
-20860
-21055
-21055
-21050
-21150
-21450
-21450
-21745
-21745
-21745
-22340
-22340
-24135
-24530
-24525
-24620
-24620
-24620
-24620
-24720
-24815
-24815
-24810
-24805
-24805
-24800
-24800
-24800
-25295
-25290
-25290
-25285
-25385
-25385
-25580
-25875
-25870
-25970
-25970
-26165
-26160
-26255
-26255
-26355
-26355
-26355
-26450
-26650
-26645
-26740
-26735
-26730
-26730
-26825
-26825
-27025
-27125
-27120
-27220
-27215
-27215
-27310
-27305
-27300
-27295
-27395
-27590
-27585
-27580
-27575
-27570
-27570
-27570
-27570
-27570
-27565
-27860
-27955
-28055
-28250
-28245
-28245
-28245
-28245
-28245
-28245
-28245
-28245
-28245
-28440
-28435
-28435
-28435
-28930
-28925
-28925
-28920
-28920
-28920
-28920
-28920
-28920
-29320
-29420
-29415
-29410
-29710
-29710
-29705
-29700
-29695
-29695
-29695
-29690
-29685
-29685
-29680
-29875
-29870
-29870
-29870
-29870
-29870
-29870
-29870
-29970
-30065
-30265
-30565
-30660
-30655
-30655
-30655
-30655
-30650
-30645
-30645
-30640
-30635
-30830
-30825
-30825
-31325
-31320
-31720
-31715
-31810
-31910
-31905
-31905
-31905
-32200
-32195
-32190
-32190
-32290
-32285
-32585
-32585
-32680
-32775
-32770
-32765
-32765
-33060
-33060
-33055
-33055
-33055
-33055
-33055
-33055
-33055
-33055
-33055
-33055
-33055
-33055
-33055
-33055
-33055
-33005
-33005
-33005
-33005
-32955
-32955
-295
-290
-290
-290
-285
-285
-385
-385
-480
-480
-675
-675
-870
-865
-960
-960
-960
-1455
-1450
-1450
-1450
-1845
-2045
-2240
-2235
-2230
-2425
-2425
-2420
-2620
-2615
-2615
-3115
-3110
-3605
-3600
-3595
-3690
-3790
-4190
-4385
-4380
-4375
-4375
-4370
-4370
-4570
-4765
-4765
-4760
-4755
-4855
-4855
-5350
-5450
-5645
-5640
-5640
-5635
-5635
-5635
-5730
-5825
-5820
-5820
-5815
-5815
-5815
-5815
-5815
-5815
-5815
-5815
-5815
-5815
-5815
-5815
-5815
-5815
-5815
-5815
-5910
-5910
-5910
-5910
-5910
-5910
-6005
-6005
-6005
-6005
-6005
-6005
-6005
-6005
-6205
-6305
-6400
-6395
-6390
-6390
-6490
-6490
-6490
-6685
-6685
-6785
-6785
-7085
-7580
-7780
-8875
-8970
-9470
-9665
-9665
-9765
-9765
-9760
-9755
-10055
-10050
-10045
-10045
-10040
-10035
-10430
-10430
-10425
-10520
-10515
-10515
-10715
-10910
-10905
-10900
-10900
-11300
-11600
-11895
-11890
-11985
-11985
-11985
-12080
-12075
-12075
-12075
-12075
-12075
-12075
-12075
-12075
-12075
-12075
-12075
-12075
-12075
-12075
-12075
-12075
-12070
-12070
-12065
-12065
-12065
-12065
-12065
-12065
-12065
-12065
-12065
-12065
-12065
-12065
-12360
-12360
-12360
-12360
-12355
-12355
-13150
-13150
-13445
-13445
-13445
-13445
-13445
-13445
-13445
-13445
-13740
-13740
-13740
-13740
-13740
-13740
-13740
-13740
-13935
-13935
-13935
-13935
-13930
-13930
-14425
-14425
-14425
-14425
-14420
-14420
-14420
-14420
-14415
-14510
-14505
-14505
-14505
-14505
-14505
-14505
-14705
-14800
-14795
-14795
-14795
-14795
-14795
-14795
-14795
-14795
-14795
-14795
-14795
-14795
-14795
-14795
-14795
-14990
-14990
-14985
-14985
-15180
-15175
-15175
-15175
-15175
-15570
-15665
-15760
-15760
-15760
-16255
-16250
-16250
-16250
-16250
-17545
-17545
-17540
-17540
-17835
-17835
-18430
-18430
-18430
-18430
-18430
-18430
-18430
-18430
-18525
-18525
-18525
-18525
-18525
-18725
-18820
-19120
-19215
-19510
-19505
-19505
-19505
-19505
-19505
-19505
-19505
-19505
-19505
-19505
-19500
-19500
-19600
-19600
-19700
-19695
-19695
-20090
-20190
-20190
-20285
-20280
-20580
-20875
-21075
-21275
-21370
-21370
-23065
-23265
-23560
-23660
-24055
-24055
-24050
-24045
-24040
-24040
-24040
-24040
-24935
-25035
-25030
-25230
-25225
-25520
-25520
-25720
-26015
-26010
-26010
-26005
-26205
-26200
-26295
-26295
-26295
-26395
-26390
-26390
-26585
-26780
-26775
-26775
-26775
-26975
-27170
-27170
-28865
-29060
-29155
-29150
-29745
-29740
-29735
-29735
-29935
-29930
-29930
-30030
-30125
-30125
-30225
-30225
-30325
-30425
-30425
-30425
-30425
-30520
-30520
-30520
-30710
-30710
-33500
-33895
-33895
-33890
-33890
-34090
-34480
-34575
-34575
-34670
-34670
-34670
-35260
-35255
-35255
-35250
-35250
-35250
-35440
-35440
-35630
-35725
-35725
-35920
-35920
-36020
-36210
-36810
-37600
-37600
-41590
-41590
-41580
-41575
-41570
-41565
-41565
-41665
-41760
-41960
-42055
-42050
-42050
-42850
-42845
-42940
-42935
-42935
-42935
-43335
-43430
-43430
-43725
-43725
-44320
-44620
-44715
-44815
-45310
-45605
-45605
-45600
-45595
-46790
-46785
-46880
-46880
-46880
-46875
-46870
-46870
-47070
-47070
-47070
-47070
-47070
-47165
-47260
-47260
-47255
-47255
-47355
-47650
-47645
-47640
-47640
-47635
-47735
-47730
-47825
-47920
-47915
-48110
-48110
-48610
-48710
-48710
-48710
-48705
-48805
-48900
-48895
-48895
-48990
-48990
-49085
-49085
-49080
-49075
-49175
-49275
-49275
-49270
-49570
-50165
-50260
-50260
-50260
-50260
-50260
-50260
-50260
-50250
-50650
-50640
-50640
-51040
-51230
-51220
-51220
-51220
-51210
-51600
-51595
-51590
-51790
-51785
-51880
-51875
-51870
-51865
-51965
-51965
-51960
-51955
-51950
-52045
-52245
-52245
-52440
-52535
-52635
-52630
-52730
-52825
-52825
-52825
-52920
-53215
-53315
-53410
-53510
-53510
-54005
-54200
-54300
-54395
-54495
-54895
-54890
-54990
-54985
-55480
-55480
-55475
-55470
-55470
-55570
-55965
-56165
-56560
-56555
-56655
-56750
-56950
-57045
-57045
-57045
-57045
-57140
-57135
-57130
-57125
-57125
-57225
-57225
-57220
-57215
-57215
-57510
-57710
-57705
-57705
-58005
-58200
-58700
-58700
-58895
-58895
-59095
-59095
-59090
-59185
-59280
-59675
-59675
-59670
-60265
-60265
-60460
-60560
-60555
-60555
-60555
-60550
-61150
-61245
-61340
-61335
-61335
-61335
-61335
-61335
-61335
-61335
-61335
-61335
-61335
-61335
-61335
-61335
-61235
-61235
-61185
-61185
-61185
-61185
-61135
-61135
0
-395
-395
-390
-390
-1485
-1585
-1680
-1980
-1975
-1970
-1970
-1970
-2270
-2370
-2565
-2665
-2660
-2660
-2955
-2955
-3055
-3155
-3150
-3145
-3245
-3245
-3240
-3335
-3330
-3825
-3825
-4325
-4320
-4315
-4315
-4715
-4810
-4910
-5005
-5005
-5005
-5200
-5195
-5290
-5290
-5585
-5585
-5785
-5780
-6175
-6170
-6165
-6160
-6360
-6360
-6355
-6355
-6355
-7450
-7445
-7545
-7540
-7540
-7635
-7730
-7730
-7730
-7730
-7825
-8025
-8225
-8725
-8920
-8920
-9515
-9910
-10105
-10105
-10100
-10200
-10200
-10295
-10490
-10590
-10590
-11090
-11090
-11085
-11180
-11280
-11375
-11375
-11370
-11370
-11470
-11465
-11560
-11560
-12160
-12360
-12355
-12450
-12445
-12440
-12440
-12440
-12535
-12530
-12625
-12625
-12820
-12820
-13015
-13015
-13010
-13205
-13205
-13200
-13195
-13290
-13285
-13285
-13285
-13285
-13285
-13285
-13285
-13285
-13285
-13285
-13285
-13285
-13285
-13285
-13285
-13285
-13285
-13285
-13285
-13285
-13285
-13285
-13285
-13285
-13285
-13285
-13285
-13285
-13285
-13285
-13285
-13285
-13285
-13285
-13285
-13285
-13285
-13235
-13235
-13235
-13235
-13235
-13235
-13235
-13235
-13185
-13185
-13185
-13185
-13135
-13135
-13135
-13135
-13135
-13135
-13085
-13085
-13035
-13035
0
-1695
-1695
-1695
-1695
-1690
-1690
-1690
-1690
-1690
-1690
-1690
-1690
-1690
-1640
-1640
-1640
-1640
-1640
-1640
-1640
-1640
-1640
-1640
-1640
-1640
-1640
-1640
-1640
-1640
-1640
-1640
-1590
-1590
-1540
-1540
-1540
-1540
-1540
-1540
-1540
-1540
-1540
-1540
-1540
-1540
-1540
-1540
-1540
-1540
-1540
-1540
-1490
-1490
-1390
-1390
5
-90
-90
-85
-85
-185
-180
-280
-280
-275
-270
-265
-265
-265
-265
-560
-560
-560
-560
-560
-560
-560
-560
-560
-560
-560
-560
-560
-560
-760
-760
-755
-755
-755
-1250
-1445
-1445
-1540
-1640
-1640
-1640
-1840
-2135
-2135
-2230
-2225
-2220
-2320
-2315
-2515
-2515
-2715
-3410
-3410
-3505
-3505
-3500
-3500
-6295
-6290
-6490
-6490
-6490
-6585
-6580
-6580
-6580
-6580
-6575
-6570
-6665
-6965
-6965
-6965
-7260
-7555
-7550
-7545
-7540
-7635
-7630
-7925
-7925
-8025
-8125
-8120
-8120
-8120
-8315
-8410
-8605
-8600
-8600
-8700
-8800
-8800
-8795
-8795
-8890
-9085
-9085
-9280
-9280
-9275
-9270
-9270
-9270
-9465
-9565
-9560
-9555
-9650
-9650
-9650
-9650
-9845
-9845
-9845
-9840
-9835
-9835
-9835
-9835
-9835
-9835
-9835
-9835
-9835
-9835
-9835
-9835
-10330
-10325
-10325
-10425
-10425
-10520
-10620
-10815
-10815
-12010
-12010
-12005
-12305
-12500
-12500
-13095
-13190
-13190
-13285
-13280
-13280
-13280
-13280
-13275
-13270
-13270
-13265
-13260
-13660
-14060
-14055
-14050
-14045
-14045
-14145
-14140
-14640
-14635
-14935
-14935
-14935
-15230
-15225
-15225
-15425
-15420
-15720
-15720
-15915
-15915
-15910
-16005
-16100
-16100
-16395
-16395
-16390
-16385
-16480
-16480
-16480
-16480
-16480
-16480
-16480
-16480
-16480
-16480
-16480
-16480
-16480
-16480
-16480
-16480
-16580
-16580
-16880
-16875
-16970
-16965
-17665
-17665
-17760
-17755
-17855
-17855
-17855
-17950
-18045
-18045
-18540
-18535
-18730
-18730
-18730
-18730
-18730
-18730
-18730
-18730
-18730
-18730
-18730
-18730
-18730
-18730
-18730
-18680
-18680
-18630
-18630
0
0
0
0
0
0
0
0
0
0
5
-95
-95
-190
-190
-285
-280
-280
-580
-775
-970
-1065
-1265
-1360
-1460
-1460
-1455
-1455
-1455
-1450
-1445
-1440
-1435
-1435
-1435
-1435
-1430
-1630
-1725
-1820
-1915
-1915
-1915
-1915
-1915
-1915
-1915
-1915
-1915
-1915
-1915
-1915
-1915
-1915
-1915
-1915
-1915
-1915
-1915
-1865
-1865
-390
-380
-580
-580
-570
-560
-760
-1950
-1950
-2150
-2140
-2340
-2330
-2320
-2320
-3320
-3310
-3300
-3290
-3290
-3290
-3680
-4080
-4070
-4070
-4060
-4060
-4250
-4250
-4440
-4440
-4430
-4420
-4610
-4610
-4800
-4800
-4800
-4790
-4980
-5370
-6770
-6770
-6960
-7160
-7160
-7150
-7150
-7140
-7330
-7330
-7520
-7510
-7500
-7600
-7800
-7790
-7790
-8180
-8170
-8165
-8260
-8255
-8350
-8345
-8345
-8345
-8545
-8545
-8540
-8535
-9130
-9125
-9220
-9220
-9220
-9315
-9315
-9310
-9510
-9505
-9505
-9505
-9500
-9495
-9495
-9495
-9495
-9495
-9490
-9490
-9485
-9485
-9480
-9480
-9475
-9475
-9470
-9470
-9570
-9665
-9665
-9660
-9655
-9655
-9650
-9650
-9650
-9645
-9845
-9840
-9835
-9830
-10025
-10025
-10520
-10520
-10820
-11015
-11010
-11205
-11405
-11405
-11400
-11400
-11400
-11395
-11590
-11585
-11985
-11985
-11980
-11980
-12080
-12075
-12075
-12070
-12070
-12070
-12170
-12365
-12365
-12460
-12460
-12555
-12650
-12650
-12645
-12645
-12745
-13040
-13040
-13035
-13030
-13025
-13025
-13020
-13015
-13115
-13615
-13610
-14110
-14110
-14210
-14210
-14800
-14800
-15590
-15585
-15985
-16085
-16275
-16370
-16365
-16365
-16560
-16560
-16555
-16555
-16555
-16750
-16750
-16845
-16940
-16935
-16935
-16935
-17230
-17230
-17425
-17420
-17615
-17610
-17605
-17600
-17600
-17600
-17600
-17700
-17695
-17790
-17790
-17785
-17785
-17785
-17780
-17775
-17775
-17775
-17775
-17870
-17865
-17865
-18065
-18260
-18355
-18355
-18555
-18550
-18645
-18645
-18645
-19040
-19035
-19135
-19230
-19330
-19325
-19720
-19815
-19815
-19915
-20415
-20415
-21310
-21305
-21800
-21895
-21890
-21990
-21990
-21985
-22180
-22180
-22180
-22180
-22275
-22375
-22575
-22575
-22670
-22670
-23265
-23465
-23560
-23560
-23555
-23550
-23550
-23545
-23740
-23840
-23835
-23830
-23825
-23825
-23925
-24025
-24020
-24420
-24420
-24620
-24620
-24615
-24615
-24615
-24910
-24910
-25005
-25000
-24995
-24990
-24990
-24985
-24980
-25080
-25075
-25170
-25265
-25265
-25260
-25260
-25255
-25255
-25455
-25450
-25650
-25650
-25650
-25645
-25645
-25645
-25940
-26140
-26235
-26230
-26230
-26330
-26725
-26720
-26720
-26720
-26815
-26815
-27010
-27310
-27305
-27305
-27500
-27495
-27695
-27695
-27695
-27895
-27890
-27885
-27885
-27985
-27985
-28385
-28375
-28575
-28575
-28565
-28565
-28555
-28555
-28945
-29135
-29525
-29525
-29525
-29725
-29925
-29915
-29915
-29905
-30105
-30695
-30695
-30685
-30885
-34875
-34865
-35055
-35045
-35045
-35235
-35235
-35225
-35220
-35420
-35720
-35720
-35710
-35710
-36500
-36700
-37290
-37680
-37780
-37770
-37870
-38270
-38270
-38270
-38860
-38850
-38840
-38830
-38830
-38830
-39020
-39020
-39610
-39610
-40400
-40400
-41590
-41780
-41775
-42070
-42070
-42065
-42065
-42060
-42060
-42060
-42155
-42155
-42250
-42245
-42240
-42240
-42240
-42435
-42435
-42635
-43430
-43530
-43525
-43525
-43520
-43720
-43715
-43710
-43705
-43900
-43895
-43990
-43990
-43985
-44180
-44375
-44475
-44575
-44570
-44565
-44565
-44565
-44665
-44660
-44655
-44650
-44650
-44645
-44640
-44635
-44635
-44635
-44635
-44635
-44635
-44635
-44635
-44635
-44635
-44635
-44635
-44635
-44635
-44635
-44635
-44635
-44635
-44635
-44635
-44635
-44635
-44635
-44635
-44635
-44635
-44635
-44635
-44635
-44635
-44635
-44635
-44635
-44635
-44635
-44635
-44730
-44730
-44730
-44730
-44725
-44725
-44725
-44725
-44720
-44720
-44720
-44720
-44720
-44720
-44720
-44720
-44720
-44720
-44720
-44720
-45220
-45420
-45520
-45515
-45510
-45510
-45610
-45905
-45905
-45900
-46095
-46190
-46190
-46190
-46390
-46385
-46380
-46375
-46575
-46775
-46775
-46770
-46870
-46870
-46865
-46865
-46860
-46960
-46955
-46955
-46950
-46950
-46945
-46945
-47140
-47335
-47430
-47530
-47525
-47525
-47520
-47520
-47515
-47515
-47515
-47715
-47910
-47910
-48010
-48010
-48105
-48105
-48100
-48095
-48095
-48295
-48295
-48390
-48390
-48385
-48385
-48380
-48375
-48670
-48670
-48665
-48665
-48965
-48965
-49160
-49460
-49455
-49750
-49845
-49845
-49845
-49845
-50340
-50740
-50735
-50835
-50930
-50925
-51025
-51020
-51020
-51115
-51310
-51810
-51810
-51910
-52205
-52200
-52295
-52395
-52495
-52495
-52790
-52790
-52785
-52780
-52780
-52875
-52870
-52965
-52960
-52960
-53055
-53050
-53050
-53045
-53340
-53440
-53535
-53530
-53530
-53525
-53525
-53525
-53525
-53525
-53525
-53525
-53525
-53525
-53525
-53525
-53525
-53525
-53525
-53525
-53525
-53525
-53525
-53525
-53525
-53525
-53525
-53525
-53525
-53525
-53525
-53620
-53620
-53620
-53620
-53620
-53615
-53810
-53810
-53810
-53810
-53810
-53810
-54105
-54105
-54105
-54105
-54105
-54105
-54105
-54105
-54105
-54105
-54105
-54105
-54105
-54105
-54105
-54105
-54105
-54105
-54105
-54105
-54105
-54105
-54105
-54105
-54105
-54105
-54105
-54105
-54105
-54105
-54105
-54105
-54105
-54105
-54105
-54055
-54055
-54055
-54055
-54055
-54055
-54055
-54055
-54055
-54055
-54055
-54055
-54055
-54055
-54055
-54055
-54055
-54055
-54055
-54055
-54055
-54055
-54055
-54055
-54055
-54055
-54055
-54055
-54055
-54055
-54055
-54055
-54055
-54055
-54055
-54055
-54055
-54055
-54005
-54005
-54005
-54005
-54005
-54005
-54005
-54005
-54005
-54005
-54005
-54005
-54005
-54005
-54005
-54005
-54005
-54005
-54005
-54005
-54005
-54005
-54005
-54005
-54005
-54005
-54005
-54005
-54005
-54005
-53955
-53955
-53905
-53905
-53855
-53855
-53805
-53805
-53805
-53805
-53805
-53805
-53805
-53805
-53805
-53805
-53805
-53905
-53900
-54000
-54000
-54000
-53995
-54595
-54595
-54590
-54590
-54785
-54785
-54785
-54780
-54775
-54775
-54770
-54970
-55270
-55270
-55365
-55365
-55560
-55960
-56460
-56855
-56850
-56845
-56845
-56845
-56845
-57040
-57340
-57435
-57435
-57530
-57630
-57625
-57620
-57620
-57715
-57715
-57710
-57710
-57705
-57705
-57900
-57895
-57890
-57990
-57985
-57985
-58180
-58180
-58180
-58180
-58175
-58170
-58270
-58265
-58360
-58360
-58355
-58450
-58545
-58540
-58535
-58535
-58535
-58535
-58535
-58635
-59335
-59330
-59625
-59620
-59615
-59615
-59615
-59615
-59810
-59810
-59810
-59810
-59810
-59810
-59810
-59910
-59905
-59905
-60200
-60200
-60195
-60195
-60490
-60690
-60685
-60885
-61185
-61285
-61285
-61385
-61385
-61380
-61580
-61575
-61675
-62670
-62670
-63465
-63665
-63860
-64055
-64155
-64150
-64350
-64350
-64545
-64640
-64635
-64630
-64630
-64625
-64725
-64725
-64720
-64815
-64815
-64815
-64815
-64815
-64810
-64805
-64905
-64900
-64900
-64995
-64995
-65190
-65190
-65190
-65185
-65185
-65980
-66080
-66075
-66275
-66470
-66565
-66565
-66560
-66660
-66655
-66650
-66645
-66640
-66635
-66635
-66635
-66635
-66630
-66625
-66720
-67220
-67220
-67315
-67310
-68010
-68710
-68710
-68910
-68905
-69005
-69200
-69295
-69590
-69785
-69985
-69980
-70075
-70075
-70170
-70465
-70465
-70465
-70660
-70660
-70655
-70955
-71155
-71250
-71445
-71540
-71540
-71540
-71540
-71540
-71540
-71540
-71540
-71540
-71540
-71540
-71540
-71540
-71540
-71540
-71540
-71540
-71540
-71540
-71540
-71540
-71540
-71540
-71540
-71540
-71540
-71540
-71540
-71540
-71540
-71540
-71540
-71540
-71540
-71540
-71540
-71540
-71540
-71540
-71540
-71540
-71540
-71540
-71540
-71540
-71540
-71540
-71540
-71540
-71540
-71540
-71540
-71540
-71540
-71540
-71540
-71540
-71540
-71540
-71540
-71540
-71540
-71835
-71835
-71830
-71830
-71830
-71830
-71830
-71830
-71830
-71830
-71830
-71830
-71830
-71830
-71830
-71830
-71830
-71830
-71830
-71830
-71830
-71830
-71830
-71830
-71830
-71830
-71830
-71830
-71830
-71830
-71830
-71830
-71830
-71830
-71830
-71830
-71830
-71830
-71830
-71830
-71830
-71830
-71830
-71830
-71830
-71830
-71830
-71830
-71830
-71830
-71825
-71825
-71825
-71825
-71825
-71825
-71825
-71825
-71825
-71825
-71825
-71825
-71825
-71825
-71825
-71825
-71825
-71825
-71825
-71825
-71825
-71825
-71825
-71825
-71825
-71825
-71825
-71775
-71775
-95
-95
-95
-95
-95
-95
-95
-95
-95
-95
-95
-95
-95
-95
-95
-95
-95
-95
-95
-95
-95
-95
-95
-95
-95
-95
-95
-95
-95
-95
-90
-90
-85
-85
-85
-85
-85
-85
-85
-85
-85
-85
-85
-180
-375
-375
-575
-570
-970
-965
-1065
-1065
-1065
-1165
-1360
-1455
-1755
-1755
-1750
-1850
-1850
-1945
-2245
-2240
-2340
-2340
-2335
-2335
-2435
-2430
-2425
-2425
-2420
-2415
-2410
-2605
-2600
-3095
-3290
-3290
-3290
-3290
-4390
-4385
-4485
-4485
-4585
-4780
-5080
-5180
-5375
-5370
-5470
-5465
-5465
-5465
-5465
-5860
-5860
-5855
-5850
-5845
-6240
-6440
-6740
-6740
-6740
-6740
-6735
-7135
-7135
-7130
-7125
-7320
-7515
-7615
-7910
-7905
-7905
-7905
-7900
-7895
-7995
-7990
-7985
-8385
-8685
-9485
-9780
-9975
-9970
-10870
-10870
-10870
-10965
-10965
-11065
-11060
-11155
-11655
-11650
-11645
-11745
-11745
-11740
-11940
-12140
-12435
-12535
-12530
-12625
-12720
-12720
-12720
-12720
-12815
-12815
-12910
-13305
-13300
-13300
-13400
-13395
-13495
-13590
-13590
-13690
-13790
-13785
-13880
-13875
-13975
-13975
-13970
-14065
-14165
-14265
-14260
-14555
-14850
-14845
-14845
-14840
-14840
-14835
-14830
-14825
-14825
-14825
-14825
-14825
-14825
-14825
-14825
-14825
-14825
-14825
-14825
-14825
-14825
-14825
-14825
-14825
-14825
-14825
-14825
-14825
-14825
-14825
-14825
-14825
-14825
-15320
-15320
-15320
-15620
-15715
-15710
-15805
-15805
-15905
-15900
-15895
-15895
-15895
-15895
-15895
-16090
-16090
-16085
-16285
-16285
-16285
-16480
-16480
-16680
-16675
-16870
-16870
-16965
-16965
-16965
-16965
-17160
-17260
-17260
-17755
-17855
-17955
-17950
-17945
-18040
-18040
-18135
-18135
-18135
-18230
-18230
-18225
-18325
-18320
-18320
-18320
-18315
-18615
-18710
-18805
-18800
-18795
-19490
-19785
-19980
-19980
-19975
-19975
-19975
-20075
-20675
-20675
-20875
-20975
-21070
-21170
-21165
-21160
-21160
-21155
-21250
-21450
-21550
-21550
-21945
-22240
-22340
-22540
-22535
-22530
-22530
-22525
-22520
-22815
-23010
-23010
-23105
-23100
-23300
-23395
-23490
-23590
-23785
-24085
-24180
-24275
-24275
-24470
-24470
-24470
-24470
-24470
-24470
-24470
-24470
-24470
-24465
-24460
-24460
-24460
-24460
-24460
-24460
-24460
-24460
-24460
-24460
-24460
-24460
-24460
-24460
-24460
-24460
-24460
-24460
-24460
-24460
-24460
-24460
-24460
-24460
-24460
-24410
-24410
-24410
-24410
-24410
-24410
-24410
-24410
-24410
-24410
-24410
-24410
-24410
-24410
-24410
-24410
-24360
-24360
-195
-190
-190
-185
-285
-280
-275
-375
-470
-565
-560
-560
-660
-655
-855
-855
-855
-1050
-1045
-1040
-1335
-1335
-1435
-1435
-1430
-1425
-1520
-1520
-1520
-1620
-1620
-1720
-1920
-1915
-2315
-2310
-2605
-2600
-2900
-3395
-3995
-4490
-4985
-4980
-4980
-4980
-4975
-4975
-4975
-4975
-5075
-5170
-5165
-5165
-5265
-5265
-5655
-5755
-5955
-5945
-6135
-6335
-6525
-6525
-6915
-7015
-7215
-7415
-7605
-8205
-10595
-10595
-10985
-11185
-11175
-11975
-12365
-12755
-12755
-13145
-13135
-13430
-13430
-13430
-13430
-13830
-14020
-14820
-15010
-15400
-16000
-16600
-17590
-17580
-17580
-17580
-17770
-17760
-17960
-17960
-19150
-19750
-19940
-20340
-21530
-21520
-21520
-21510
-22110
-22110
-23300
-23290
-23290
-23280
-23280
-23480
-24070
-24060
-24060
-24460
-24850
-24850
-25640
-25630
-25630
-25620
-25620
-25620
-25810
-26200
-26400
-26400
-26790
-26990
-26980
-26980
-26970
-27170
-27960
-28150
-28550
-28550
-29140
-29140
-30130
-30530
-30920
-30910
-30910
-31100
-31090
-31185
-31185
-31180
-31175
-31175
-31175
-31175
-31375
-32165
-32165
-32355
-32355
-32555
-34945
-34945
-35335
-35735
-36325
-36525
-37715
-38305
-38295
-38490
-38485
-38685
-38680
-38975
-39175
-39470
-39470
-39470
-39565
-39865
-39860
-39860
-39860
-40055
-40350
-40345
-40540
-40635
-40735
-40835
-40930
-41030
-41025
-41325
-41420
-41515
-41710
-41810
-41805
-41900
-42195
-42195
-42195
-42195
-42190
-42190
-42190
-42385
-42380
-42580
-42675
-42875
-42875
-42970
-42970
-43065
-43065
-43065
-43265
-43260
-43360
-43360
-43355
-43450
-43445
-43840
-43835
-43935
-43935
-43930
-44030
-44225
-44225
-44420
-44420
-44415
-44410
-44605
-44700
-44700
-44800
-44895
-44895
-44890
-44890
-44885
-44885
-44880
-45075
-45075
-45070
-45165
-45165
-45165
-45265
-45365
-45360
-45555
-45550
-45550
-45650
-45745
-45745
-45945
-45945
-45945
-45945
-46045
-46340
-46435
-46530
-46625
-46720
-47120
-47220
-47220
-47315
-47510
-47505
-47605
-47600
-48095
-48090
-48090
-48085
-48085
-48185
-48385
-48585
-48585
-48585
-48585
-48885
-48880
-48975
-48975
-49075
-49170
-49165
-49160
-49155
-49650
-49645
-49645
-49645
-49740
-50140
-50135
-50130
-50230
-50225
-50325
-50325
-50320
-50315
-50310
-50310
-50705
-50700
-50700
-50695
-50690
-50690
-50690
-50685
-50780
-50975
-50975
-50975
-50975
-50975
-50975
-51070
-51070
-51070
-51070
-51070
-51070
-51070
-51470
-51470
-51470
-51565
-51565
-51560
-51560
-51655
-51855
-51950
-52050
-52150
-52245
-52245
-52240
-52235
-52230
-52230
-52330
-52425
-52425
-52420
-52415
-52415
-52510
-52705
-52700
-52795
-52795
-52795
-52890
-52890
-52885
-52880
-52880
-52880
-52880
-52880
-53375
-53375
-53370
-53370
-53670
-54065
-54060
-54255
-54255
-54255
-54250
-54245
-54245
-54245
-54245
-54245
-54245
-54345
-54440
-54435
-54435
-54535
-54635
-54635
-54630
-55625
-55725
-55720
-55920
-55920
-56015
-56010
-56110
-56105
-56200
-56295
-56295
-56390
-56390
-56390
-56490
-56585
-56585
-56780
-56875
-56870
-56870
-56870
-57265
-57265
-57565
-57560
-57960
-58055
-58050
-58050
-58050
-58145
-58340
-58435
-58435
-58435
-58435
-58435
-58435
-58435
-58435
-58435
-58435
-58430
-58430
-58430
-58430
-58430
-58430
-58430
-58430
-58430
-58430
-58430
-58430
-58430
-58430
-58430
-58430
-58430
-58430
-58430
-58430
-58430
-58430
-58430
-58430
-58430
-58430
-58430
-58430
-58430
-58430
-58430
-58430
-58430
-58380
-58380
-58330
-58330
-99985
-300270
-400255
-600455
-1001355
-1301940
-1401925
-1501925
-1601910
-1701900
-1801900
-1901900
-2202500
-2302485
-2603070
-2903460
-3003460
-3103450
-3303650
-3403640
-3503640
-3703840
-3904125
-4104325
-4204310
-4404510
-4805395
-4905395
-5005395
-5305980
-5405965
-5505955
-5706155
-6206955
-6507540
-6607540
-6707540
-7108425
-7609625
-8110810
-8210795
-8310785
-8410785
-8510775
-8610775
-8810975
-8910975
-9211560
-9411845
-9612045
-9812330
-9912320
-10413120
-10813720
-10913720
-11013705
-11113690
-11213680
-11514070
-12014860
-12315250
-12415240
-12615440
-12715430
-12915620
-13115820
-13416210
-13516210
-13916810
-14117010
-14217000
-14317000
-14416990
-14717380
-14917570
-15217970
-15718770
-15818760
-15918760
-16018750
-16218940
-16318930
-16719530
-17019920
-17220110
-17320100
-17420100
-17520090
-17620090
-17720080
-17820080
-17920070
-18020060
-18220160
-18520550
-18820745
-19020840
-19120835
-19421030
-19521025
-19821220
-20221515
-20321515
-20521610
-21022005
-21122005
-21322100
-21422100
-21922495
-22122595
-22322690
-22422690
-22522685
-22622685
-22722680
-22822680
-22922680
-23222880
-23322880
-23522975
-23723075
-24123370
-24223365
-24723760
-24923860
-25023860
-25324055
-25724355
-25924450
-26324745
-26424745
-26624840
-26724840
-26924935
-27525430
-27625430
-27925625
-28025620
-28325815
-28625815
-29125815
-29425815
-29826115
-29926115
-30026110
-30126105
-30226105
-30326100
-30526200
-30626200
-30726200
-30926300
-31226500
-31326495
-31426490
-31726685
-31826680
-31926675
-32126770
-32526770
-32626765
-32826765
-32926760
-33126760
-33326855
-33426855
-33526855
-33826855
-33926855
-34026855
-34426855
-34626855
-34726855
-34826855
-35026855
-35226855
-35426855
-36026855
-36126855
-36226855
-36326855
-36526855
-36926855
-37026855
-37126855
-37326855
-37426855
-37526855
-37626855
-37826855
-37926855
-38326855
-38426855
-38526855
-38826855
-39026855
-39126855
-39226855
-39526855
-39626855
-40026855
-40126855
-40226855
-40426855
-40526855
-41226855
-41526855
-41726855
-41826855
-41926855
-42126855
-42626855
-42826855
-43626855
-43826855
-43926855
-44026855
-44126855
-44526855
-44626855
-44726855
-44826855
-44926855
-45026855
-45126855
-45226855
-45426855
-45826855
-45926855
-46126855
-46226855
-46626855
-46726855
-46826855
-47026955
-47227050
-47527250
-47727350
-47927450
-48027445
-48427740
-48527735
-48627735
-48927930
-49128030
-49228030
-49428130
-49528125
-49628120
-49828215
-50128410
-50228410
-50328410
-50428410
-50928810
-51128910
-51228910
-51328905
-51428905
-51629000
-51729000
-51828995
-52329395
-52429395
-52629495
-53029790
-53129790
-53329890
-53429890
-53830190
-53930180
-54030180
-54230370
-54330370
-54430360
-55030855
-55331050
-55531145
-55631140
-56331735
-56732035
-56932135
-57032135
-57632630
-57732625
-57932725
-58132825
-58232825
-58332825
-58432825
-58633025
-59033615
-59334015
-59434015
-59634215
-59734215
-59834215
-59934215
-60034205
-60234395
-61035785
-61135775
-61235775
-61435965
-61636165
-61736165
-61936365
-62136555
-62236555
-62336545
-62536735
-62736925
-62836925
-63037115
-63137115
-63337305
-63437295
-63537285
-63737475
-64137775
-64638575
-64838775
-65239375
-65439565
-65539555
-65639555
-65939945
-66140135
-66240135
-66340125
-66540325
-66640315
-66740305
-66940400
-67040400
-67140395
-67240390
-67840890
-67940885
-68040880
-68240975
-68340975
-68440970
-68841270
-69041365
-69541765
-69741860
-70042060
-70542455
-70742555
-70842555
-71342950
-71643150
-72043445
-72143445
-72243440
-72343435
-72543530
-72643530
-72743530
-73043730
-73143725
-73243720
-73343715
-73443710
-73543705
-73643700
-74044000
-74143995
-74243990
-74343990
-74443985
-74543980
-74643980
-74743980
-74943980
-75144075
-75344075
-75744370
-75944370
-76144370
-76244370
-76744370
-76844370
-76944370
-77044320
-77144320
-100000
-200000
-300000
-500000
-700000
-800000
-900000
-1500000
-1700000
-1900000
-2000000
-2100000
-2200000
-2300000
-2400000
-3400000
-3900000
-4000000
-4400000
-4500000
-4600000
-4699950
-5199950
-5499900
-5799900
