-26011
-26020
-26020
-26020
1842
1802
707
1447
1747
-1278
865
484
-33856
-1579
323
524
-8677
-1176
-6732
-101124
1808
-795
1324
1663
-101063
-31020
-31020
-31020
-31002
-31020
-31011
-31020
2004
1975
-31011
-30993
1964
-31011
1472
-31002
-31020
-31020
-31011
-1036
-31020
-30993
-31020
1515
1826
-31020
-31002
-31020
-30993
-31020
-31002
-31020
-31020
-31011
-31020
-31011
-30993
1986
1056
1806
1813
2004
1912
-16407
-31011
-23686
-13547
-31011
-30984
1925
-2235
-31020
-31020
1964
754
-1127
2005
1504
-30984
-1388
-31002
-31002
793
-31020
-30993
-30993
2006
-31020
-485
1495
-10716
-31002
1771
1986
1516
1735
1986
-31002
-1869
-1336
-31020
1786
-31002
-30975
-31020
1796
-264
-31002
1705
-7599
1985
-31020
-31020
-23726
-31020
806
-31002
-1696
-31020
-31011
-30993
-7818
-38
-30984
-31011
-2578
1825
-30984
-31020
-30975
-31011
-31020
-10676
-31002
-22794
1874
1585
-31011
-31020
-31011
-31011
1395
-31002
834
1904
-2216
1584
1684
-31020
-31002
1964
1134
-30993
1015
-30993
-26
1283
1405
-15147
-31011
-31011
282
-12368
2005
-5997
-30993
-30993
-30984
556
554
-798
-31002
1904
1293
2006
-30984
-31020
-13637
-30993
-31011
-30993
1804
1964
-31011
-2400
-7305
-17757
626
2006
-617
-31011
1963
1664
2005
1833
-31002
-5735
-31002
-49
2006
1306
2006
-31002
586
-31020
1966
-30993
-31011
2006
-30993
-31002
1926
663
-408
-1525
-18288
1973
-30975
-5088
1926
-31020
-31011
866
-4426
-30993
-31002
-5745
-30993
-31011
-30975
-31020
-30993
2006
-31002
-2926
-14
786
-30975
-31020
1913
271
-31020
2006
-31011
-1334
-31020
-30984
-3529
-31020
1046
-31011
-31020
735
-3314
-3467
-30993
-6080
-30975
-30984
426
-887
1846
-30984
-30984
1764
-2097
2006
-30993
1534
-30984
-26767
-30993
1956
2006
-31020
1315
-31002
-31020
1986
-6056
-23010
874
-8678
1986
-30975
-31020
-5016
1123
-1966
-234
-30984
-31011
-31002
-1057
-31020
1595
2004
1982
-4847
942
-31002
-30993
-19676
-22694
-2697
-30984
-2317
1124
-31011
1924
-31020
-30993
-17985
-31002
1702
-5977
1745
-30984
-31020
-31011
1936
-31011
794
-31011
-31002
-31011
-31020
2006
-31011
-20997
-31011
-5089
-1628
1702
-3509
-5467
1835
1854
-254
-31020
686
-6037
1575
-31020
2003
-31020
-30993
126
685
2004
455
1722
1746
1983
-4974
-31002
-31002
2006
1082
-31020
-31002
-31002
-31002
1963
1966
-31011
-31020
-11855
-30993
-30975
-11478
112
-30984
1526
-31020
-30993
1445
1954
1653
-3317
-22647
1995
1824
-30975
753
786
-30993
-768
-31011
2006
-31002
2006
-31020
684
-8757
1322
-31011
1895
-31002
-10085
1986
-30984
-31002
-30975
573
-30984
-30975
-7004
2006
1805
-31002
166
-2835
515
2006
-31020
-11258
1685
-2970
603
1965
255
-31020
-15377
-31002
-4728
-31011
2006
-31011
-31011
-31020
2006
-21054
632
-31002
-23218
-1386
1873
-27788
924
1866
-31011
-8386
-26417
-31011
-31002
1256
-31002
-2977
-31020
-30975
-726
1684
-187
184
-286
1001
-1404
-31011
-16998
-31002
-30993
-31020
-31020
-7857
-31020
-688
2006
-1154
1025
1954
2004
1934
-30993
-31011
-27164
-30984
-7594
-21095
-30993
-31011
-30993
-31020
1164
-3238
1705
-30993
1833
-2984
2006
-31011
540
-30993
-30993
-8714
1181
-4076
1524
2005
2004
-6016
-36020
1257
-36011
-36011
1965
-35993
1967
-12066
-54
-12116
2007
-35993
2006
-36011
1977
-36002
-36020
-36011
-36011
1907
-35984
-36020
-36011
2007
1936
-1019
1947
-36020
-14949
-36020
-36020
-35993
1077
-35984
-9396
-36011
1186
-77
2007
-14137
1907
-36011
-35993
-26086
1634
1914
-36011
-36011
1927
1946
-36011
-36002
-36020
-36011
2007
-36002
1924
-36002
-36002
-876
-35993
-35993
1915
1124
-36011
-36020
-35984
2007
-36020
-36020
-36011
-35984
-35975
-2736
584
-36020
-36011
-35993
-35993
-36020
-1605
-20625
-36002
-35993
-36011
-35993
-36011
-10337
1986
-35975
2006
1976
-36002
1844
2007
-35993
-35993
-36002
-36002
1767
-32806
-35993
1587
1895
-36011
-36011
-35993
-1576
-35975
1514
-35984
1522
-14536
967
-36002
-36002
1986
1296
1794
1811
-24256
2007
-36002
-36002
-35984
2007
-35984
2007
-35993
1645
7
-36011
1784
-36011
1055
1336
1184
-11303
-10496
1767
1387
-35975
-35993
-35975
902
2007
-2505
1967
-36011
-36020
-36011
1766
-36011
-35966
2007
-35984
2007
-12545
-36020
-36002
-8598
-11948
-12577
-36011
2007
-36011
-36011
-9637
-988
-17993
-35993
-35984
835
-36011
-36002
-14727
-35984
1194
2006
2005
-2910
1607
-35984
-36011
1946
2006
840
-4617
1984
-35975
75
1175
-36011
1555
-35984
-4146
1984
204
1194
-35993
-36020
2007
1923
-36020
-36002
447
1307
-36002
-36002
-22337
1687
-35984
165
1724
-35993
2007
1317
814
-35993
-35993
-36011
2007
-35993
-35984
-31095
-35975
-36020
-35993
-35975
-35984
2005
-5259
-36011
-35993
-35993
1454
-35975
-9429
-35975
-994
1685
-36020
-36002
-36011
-36020
-35984
-36011
-35993
-36002
2007
2007
1374
-35966
-35993
653
1466
-36002
-827
1904
-35993
-36011
-35993
2007
-15689
-35993
-36011
-35966
1314
-36011
-14177
1883
-36002
-36002
-35984
1885
1963
-1385
56
-36002
1567
-36002
-36011
603
-29923
-36002
-5989
-16893
2006
-36002
1680
2005
-36011
-36020
2006
-35975
1624
-29994
-19169
-36011
-36011
-36002
1946
-36020
-6298
-35984
-35975
-35993
1684
-35984
1273
2007
2003
-27614
-18746
-35984
2007
-28487
-1737
763
1976
-3318
1881
2004
-29008
-1485
2005
-35975
2005
1874
-35993
1984
-36011
1616
-35993
2006
1267
-36020
-35984
-36002
-36002
-36020
-15467
417
-11676
-35984
-36002
1784
-354
2007
-5299
1577
-36002
-715
-6439
-36011
-36020
-18934
-36011
-36011
-35966
1886
1945
1227
-36011
-36020
433
1593
-36002
-106
-966
-1449
-36020
-35984
2006
2007
-2336
-36002
-7918
-35975
-35975
567
-36011
-36011
825
-1466
-35975
-35993
-1127
494
-987
-36002
-6515
-36002
-35993
1316
1285
1603
-885
1967
-35993
-35975
-36011
-35993
2007
-3716
2006
-36020
572
1986
-3797
-36011
-17147
485
-36011
-36020
265
-35984
1643
1603
-36002
-35993
1956
1771
2005
-35993
-36011
2007
-35984
-35993
1703
-11596
-36020
-35984
1986
-35966
-36002
-36011
1687
1954
-36011
-30216
-36020
-35993
-35993
2007
-35975
2004
-36002
-36002
-35957
-35993
-35993
1096
-25553
2006
-2956
-5044
-36002
-36011
-19256
-36011
-2957
-847
-36011
-35966
-175
1307
2006
-36002
1173
1775
2007
-10779
-35984
-35975
-35993
-36011
1205
-21016
-35993
1086
-13269
-35984
-35984
-36020
-36011
1853
-36011
-36011
-29346
1786
-36011
-13289
1646
-36020
2006
975
-35975
-35993
-36002
1852
-45984
-46011
-45993
-46002
1937
-45993
-334
-46011
1858
-45993
-46002
-46002
1992
1947
-46002
-46002
1968
-45993
-1664
1871
1937
-46002
2009
-45984
-8764
-45984
-46002
-45984
2008
-935
-45984
-46011
-46011
1335
-45984
-3193
-46011
1998
-46002
2008
1948
-6545
-45993
-45993
-196
-45984
2008
-2573
829
2007
-45993
485
-7882
2006
-23014
-41077
-13306
1817
-20596
1297
-45984
-46002
1857
-46011
-46002
-36
-45975
-46002
-10366
-45993
-46020
-39773
-45975
1947
-46002
-15184
-45993
1514
1404
-45993
-45993
-11564
-45993
-46011
663
-1433
2007
-45984
-46002
-2785
-33145
1616
2008
-19645
-45957
-46011
1504
1613
-45984
-7963
1507
-46011
-46002
866
-46020
1747
-45984
-45993
1056
-46002
-46020
-3478
-14485
-15954
1601
-46011
-4524
-45993
-45975
2008
-30807
-45966
-45993
-45993
-46002
-45957
-45984
-3837
-45993
-46002
-45975
-2547
-45993
788
-46020
-24387
1886
-46002
-4895
1999
-45975
-28857
1908
-46020
2008
658
-31335
1928
-46020
-913
-78
-45984
-45984
-46002
-13275
1965
-46020
676
-3504
1728
-2316
-46002
1977
-5778
825
-45993
-45966
697
1784
1998
-46011
1999
-45984
-4901
-8224
-167
2008
-45975
1412
-46011
-20727
-45993
644
1606
-46011
-4828
1965
1833
1986
1507
-45948
-45975
-10905
-19747
-39676
1988
1946
1713
1887
1725
-45984
-1597
-14915
2006
-45993
1738
-46020
-896
-46002
484
-45957
1964
1327
-19115
-46011
1987
-46002
2009
1946
-45993
1486
1608
-45948
-46011
1823
1557
-46020
-45984
-45993
1167
-25743
843
1796
1747
-3016
1618
-45975
-46002
-45975
-45966
-46002
1928
1988
1046
1863
963
-3562
-45966
1976
-46011
-45966
946
-45957
1788
-45939
-46002
-32418
1584
-45948
1338
-1368
-14056
452
-45984
-45984
817
-1366
-46002
-474
213
-18501
725
1348
-45993
-2583
-46011
-458
-5639
1984
1965
-45984
-453
-46002
-16048
-46002
-45984
-45957
-45984
1736
-45993
-45957
-3573
-45975
-2235
-45975
2007
-45966
2008
-46002
-45993
1996
-46011
1906
-7787
-273
1403
-664
465
1947
-46011
-28243
-7247
-405
678
-6995
-46002
1996
-45993
-41226
1947
-2224
-4566
-8579
-45975
1724
1828
-45975
2008
143
1405
1936
1094
-46011
1486
-7738
-45966
1986
-46011
787
1834
-776
-46011
-45984
-13775
1585
-45993
-953
1868
-10884
-46020
-45966
-45984
-3665
1867
-46011
-45984
1937
-45966
1886
-4357
-46011
-45957
-11216
-21307
1836
-17717
-45957
-28095
1918
2007
-45984
1572
-37926
1823
-45993
-45993
416
1754
-127
-4183
-46011
-45957
2009
-45993
-45993
-477
1327
-22116
-1453
1903
-45966
-45948
-45993
-404
1353
-1467
-11256
1044
-45975
-45975
497
-9895
-14585
-24656
-45966
-46002
948
-45957
-46002
-45993
-45993
1988
1583
-19723
-7565
1574
-25117
-45975
-45966
2007
-13739
-46011
-672
2008
-23025
-46011
-45984
-45975
-45984
1498
-6006
2007
1335
-27669
-11373
1348
1744
-1484
-45975
-46002
-356
-45993
-37686
-45966
-10669
-1855
-16352
2008
-19458
805
1995
-45966
-138
-45993
2008
-45993
-4844
-1032
-775
1974
1664
-45984
1126
-18126
-45975
-31409
-45975
-2547
1956
716
623
1627
1549
-29345
1995
1596
1284
-46011
-398
-45975
-45966
-45984
799
1927
1668
-784
-45984
2008
-46011
1997
-45966
-45966
738
1977
-70
1386
1936
-45975
-594
