-201
1000
-3427
-4525
0
-2867
-10816
-7507
-3708
228
-127
775
-22703
-3185
-6855
-2117
978
276
-1972
-1509
-4189
-18047
-3634
-61146
-2350
480
988
-12466
-119
-1777
165
-3037
-12526
-9652
-9322
-1992
964
-614
739
-15321
-5976
-2515
187
-612
-2369
998
340
-2331
-8550
-3678
877
-419
928
-10047
952
185
-6448
0
-1033
-12392
891
-12864
998
249
-4276
410
-83884
-2230
-479
845
-6015
-3155
946
546
311
-5923
-111
82
-7990
-2263
685
884
753
-4838
-7971
-888
931
1000
-3198
-4403
999
-771
-6457
-3752
-3883
-2178
-19186
-2955
0
946
-3185
960
-701
-630
567
-8824
-5890
487
0
-29634
508
-531
-60202
-58098
-1039
-274
0
765
-14676
-12943
-19423
875
0
-71506
-4130
-5871
-3288
-39454
-2872
-85
0
-446
-3821
-10473
-1212
978
22
998
-9573
0
-480
-1247
968
-5428
-4578
676
-8662
765
-2778
-94
-186
-47792
-23305
923
-2791
-88153
-2037
0
-79529
782
-4350
-2584
-39383
-2768
-66
-2526
999
953
217
523
-2117
0
-2485
-14115
0
-4223
-3471
-1467
954
998
-7702
-574
-464
0
578
513
989
939
0
-7015
0
532
-3229
985
82
-7191
-16472
-11926
-1319
-18617
-22320
-1867
-4172
1000
992
-2093
140
-1649
-1435
-1421
-49594
-978
701
-769
-10359
-9324
997
-1674
-806
-378
-2737
-1124
-6227
512
-2961
-5354
-867
-12420
-1969
-11453
-26116
-19897
-1434
-26284
-987
0
-138
1000
-2340
1000
-214
-8876
-1836
-768
989
-2676
536
-30103
0
-858
342
-4446
-4550
0
-17268
-5808
981
-3993
88
979
-8409
-11711
-31580
996
784
652
-54298
-58062
262
-810
620
-4148
-35193
336
416
0
-3970
-20772
810
-987
-8862
-2296
-47828
0
933
-23352
-4747
996
540
1000
-53231
-34130
47
-1150
0
369
966
0
999
-2913
-4973
969
-3724
897
-12906
-2196
-94675
-8853
0
-9797
-143
277
-19384
-100
-803
-11935
124
380
-1010
-19157
-590
-24547
-2727
-18299
-15688
-6984
0
0
-568
-31253
-3781
258
-727
626
-883
-13730
999
712
-3738
0
-1897
-3638
0
-1501
-895
-33904
1000
352
958
-26541
579
-814
-3803
-8673
-2246
0
-17581
-27320
903
-5809
999
-5429
-15051
-2632
-9375
-229
966
792
-6664
-259
-2754
62
-2266
0
-16626
-1598
0
383
-5170
-10312
-2827
-111
-30114
772
988
277
-6869
906
-559
-9947
-76581
-212
-7686
-26746
-1624
-791
703
865
999
-6472
757
-922
497
-3244
215
-12269
707
825
387
-1142
0
-5976
871
-50373
-26292
976
-4585
0
-4376
-13346
965
-14776
373
958
226
0
-126
-3582
833
-3505
849
0
-4719
0
0
-14
0
-13150
0
-592
-1699
-5120
-130
840
0
-30199
-225
0
-2542
167
-2596
0
-14674
-1705
-34543
944
-29184
-24554
773
-5424
471
-24670
0
145
-1661
-4900
-3297
0
828
313
1000
0
-2538
-4203
-22590
-6449
-275
-42356
-1070
19
504
662
-34106
757
801
-10656
0
-12384
-3849
-83
-1186
-19102
999
-31988
972
349
-12164
-10229
-7620
0
-461
439
-943
839
-11758
977
-11474
-5452
-4365
768
0
-1527
989
0
0
861
-50437
-2921
0
-1518
-1728
0
-17250
796
-33364
-5674
1000
-1767
998
-41546
-9387
-29
0
988
-3664
-7975
-15057
-17994
-2600
-1047
-375
742
-26800
998
-11412
0
-202
948
-4121
1000
1000
999
0
-55468
998
-9090
-3843
-1737
-6816
-48039
0
-2788
0
614
-640
0
0
-18356
-3601
64
0
-185
-12628
-2976
0
-1336
935
502
-10276
999
-9891
999
-7315
-19649
-3300
0
702
-3508
-2766
-6758
-7192
0
0
630
-12706
985
0
-13690
0
-31690
-66005
-16854
0
-89305
186
0
-47151
-4734
-1075
-11856
-1634
-1594
-2389
-83265
200
873
1000
764
590
999
-9923
-18617
0
-9137
988
-3625
0
-3678
-1256
-3064
0
-5762
-9054
526
0
-474
-12771
0
0
0
-2337
548
-2472
0
-2200
0
-4350
-85045
601
-10112
-5661
-1828
169
-428
-7267
-13377
567
895
977
923
0
0
-10394
-3812
-20227
0
-4531
-40206
0
999
-2970
-5365
1000
903
-13525
350
0
-4163
0
0
-51463
-360
-27821
-9047
364
299
-99
0
616
-30048
-3821
937
471
-22800
999
-10737
-223
989
0
0
293
998
767
0
999
-472
-969
754
-34278
-20649
-2814
-10500
-610
0
-1470
-67624
0
-275
-482
-9564
0
-20968
475
-16292
-52
0
191
-2041
-81214
0
-765
-66087
87
0
550
0
593
-32824
0
-20189
-1595
-4894
-2120
0
496
0
-3507
-1591
38
-6050
0
988
0
450
-19226
-3124
0
-3632
999
443
765
-7380
766
-14760
875
-3308
-20198
-36571
198
-14617
-40180
-6520
684
0
-2361
-7950
0
-28775
975
0
-2198
0
0
-31243
0
497
610
559
0
-19155
0
-10430
-981
-4249
0
255
0
-22334
0
-5478
637
-193
-286
1000
979
-1274
0
-73468
0
-9216
-180
-868
0
979
-678
998
-65501
-34390
-1766
904
174
-3724
-20707
-20189
-1700
-967
-83465
-3927
-113
-5533
761
-28355
-35384
-51536
533
-14732
826
-79186
59
0
-407
-5903
0
-416
0
0
0
339
0
-3887
0
-31209
262
-5177
0
-9782
-19712
0
-33675
-4471
673
163
-3989
-6996
-501
-2109
-19604
-11520
-14857
25
-27113
-15481
998
0
978
-830
772
-3284
1000
783
0
999
-3693
0
0
179
0
-7056
928
771
-30066
-36874
0
-2006
0
0
949
0
-20477
-8025
0
-2739
0
-4350
-16256
-8359
-15089
0
-1432
0
0
0
999
-72513
0
-4065
0
872
-11241
0
-6000
0
-891
-8182
-105
0
-281
-81202
-4937
999
-22333
-5488
-5169
0
-67684
352
0
857
-68564
948
0
0
-171
419
494
-292
389
-28144
-2865
-4373
-3867
969
-60024
-93131
-16544
-571
1000
1000
656
-5283
-5084
-30965
-18752
-10764
674
0
399
-53037
0
979
-8550
102
-801
-10623
-192
-10713
-1691
-4570
0
0
998
-72322
-89462
-22116
0
-31157
-3305
0
15
753
-10583
0
-7344
0
934
-1037
968
-49525
-21576
-1040
-35143
-2728
0
577
987
-59495
-16065
0
-7813
-846
-4137
-7217
999
-18726
-2058
-841
0
-77531
837
0
-82258
-50785
-4351
-4966
0
-660
0
0
-1002
420
-7934
0
-37311
0
0
0
84
0
-5172
0
986
0
0
918
-13155
0
0
-7139
0
-12858
988
0
-13527
-27606
-12472
-4315
988
588
0
-3252
428
-29750
0
220
0
-254
-708
-3422
-23128
989
-22719
-96116
-5066
805
-87385
0
0
997
-9891
0
-6426
-325
0
910
-829
-5645
334
-2781
-3110
0
0
-1653
-30062
-21524
-24151
0
-2808
-44306
-25740
1000
611
0
845
-9786
0
0
-21064
148
-11248
0
0
-198
-34493
0
-40277
-72085
-6
-7275
-673
418
-15825
-3242
0
-16219
464
979
0
0
85
-1385
-56372
-25624
-28352
-37323
0
695
813
734
-491
244
0
-2805
-875
0
0
0
988
-6553
570
0
534
0
-4675
-3061
-388
0
911
0
999
-2682
-832
0
0
-515
384
-33469
-10288
0
0
0
906
0
-2092
-94
185
204
874
-30797
0
926
-74138
0
0
-75808
-2504
0
-14991
804
0
-1145
-59903
-1716
-55098
0
0
-5821
-2699
897
-412
-11479
974
0
-12605
623
912
-6930
56
-2996
-9827
1000
-8911
956
-3717
0
-326
726
-63512
0
-25216
0
0
958
-2061
560
-2064
-4294
0
-3135
-64255
-4937
-940
-27199
-1121
-7872
967
555
-3458
0
0
-1575
0
-1103
-618
977
0
237
-57850
1000
0
-11204
695
800
-48247
0
-445
0
0
-3051
0
0
-1913
-1689
-12853
-7418
0
-24321
999
-3823
958
0
-4624
-4332
-7782
126
-2874
0
-1822
-10050
0
935
1000
-50177
0
-193
-800
936
0
0
-23316
900
-8141
-933
-724
-387
0
-39201
1000
953
397
0
1000
0
-2965
989
-3407
0
0
0
742
-911
-7442
-4346
779
-2090
0
-61488
433
-2762
-12150
0
-9740
-53274
235
0
-2367
-177
-2344
895
-375
989
0
-29858
1000
897
0
-6827
399
-77409
0
0
0
0
-84155
0
-10240
0
0
855
895
0
-13013
937
-1904
0
-2833
0
-33780
0
0
-2343
573
724
0
-18213
-33667
999
-3735
979
-564
-1326
-7506
0
668
0
-1136
-5915
998
0
-16068
0
-2919
0
0
-58580
-39720
894
0
0
-73742
-730
-26895
-12072
-8756
0
0
-35208
988
-7275
-882
693
-24094
0
0
723
0
-2624
-73918
-7958
0
-4943
-12443
-10044
914
-1512
948
-58434
57
-4365
-9297
0
-4433
0
964
-10323
-30195
0
0
-1674
706
694
0
0
-6390
0
-2222
782
645
-4750
-8223
0
-90195
0
-23118
-83835
-14502
0
-3782
-80664
-5141
0
-1656
0
695
0
0
998
0
-91
0
0
429
0
0
987
678
-249
0
-2472
-983
1000
-1886
-79722
-4782
0
0
591
936
175
-238
0
-2687
0
-52635
0
-7590
-2479
975
0
0
722
0
-13193
632
0
-394
0
-42379
0
-15311
-73223
1000
-25953
471
0
0
936
-5119
0
-14597
0
995
0
0
-9052
0
0
-66845
0
0
0
0
-2967
0
989
0
-3950
-9306
1000
-4121
0
0
-2704
0
900
-5012
-1831
988
797
-7930
678
-3220
998
-841
-58938
668
272
489
-18663
-30032
354
746
-1578
105
0
-307
0
-11597
-9344
-6449
0
0
0
-5747
455
-15856
-89672
-1496
0
0
0
-91804
342
343
0
0
-5840
-25097
0
0
-98356
-3489
0
200
0
633
-7329
-25462
-1872
427
-2
-3418
1000
0
-49151
934
0
-84724
-710
0
-642
999
-6339
0
-17405
0
-4041
392
-30235
0
0
0
891
-15509
-22851
-33646
0
923
0
0
-2365
0
0
988
0
-3503
0
-4848
421
431
-13441
-12463
-3105
-1869
1000
-17435
-51101
-13824
-710
-84246
0
-8346
0
-5245
0
-4831
-1634
706
-24047
-349
999
-3850
0
0
656
0
-2565
-19660
998
0
-12609
0
995
-71539
-17461
0
-2140
106
875
-5422
0
0
-78609
0
0
0
782
-16910
-34509
-5714
0
-885
0
265
0
0
-8568
-13572
0
-58922
0
391
640
0
0
999
998
808
0
-451
863
0
0
1000
0
-92661
-18565
-40242
-389
0
-1533
-2293
-50298
0
0
0
-2829
-16462
0
-58588
-20
494
722
895
-272
-70935
-9558
-17731
999
-502
-10898
449
-13555
1000
0
-4293
-11032
-63037
